# Residuals   
# Time        	Ux            	Uy            	p             
0             	N/A           	N/A           	N/A           
0.0005        	1.000000e+00	1.000000e+00	1.000000e+00
0.001         	4.116273e-01	4.542688e-01	1.601873e-01
0.0015        	1.893662e-01	2.025592e-01	1.343399e-01
0.002         	3.591239e-02	4.536077e-02	2.373143e-01
0.0025        	1.369006e-01	1.293924e-01	2.342635e-01
0.003         	1.704325e-01	1.428333e-01	2.026084e-01
0.0035        	6.136008e-02	4.052340e-02	3.970083e-01
0.004         	6.089643e-02	3.544441e-02	2.399981e-01
0.0045        	6.345829e-02	3.762393e-02	1.566251e-01
0.005         	3.245796e-02	2.373337e-02	1.902886e-01
0.0055        	2.032749e-02	1.901920e-02	3.936620e-01
0.006         	2.688654e-02	2.162716e-02	4.609943e-01
0.0065        	2.092878e-02	1.657523e-02	5.234029e-01
0.007         	1.503159e-02	1.083055e-02	2.404248e-01
0.0075        	1.492390e-02	1.006720e-02	1.499389e-01
0.008         	1.374511e-02	9.861740e-03	1.254466e-01
0.0085        	1.177018e-02	9.148991e-03	1.329865e-01
0.009         	1.127632e-02	9.097631e-03	1.482094e-01
0.0095        	1.089375e-02	8.739399e-03	1.365301e-01
0.01          	1.034893e-02	7.937824e-03	1.113415e-01
0.0105        	9.912527e-03	7.223957e-03	8.624922e-02
0.011         	9.585016e-03	6.891731e-03	7.014810e-02
0.0115        	9.313058e-03	6.749469e-03	6.323173e-02
0.012         	9.120003e-03	6.681445e-03	5.971797e-02
0.0125        	8.964744e-03	6.573942e-03	5.557070e-02
0.013         	8.813464e-03	6.375366e-03	5.029197e-02
0.0135        	8.689394e-03	6.168991e-03	4.400899e-02
0.014         	8.592285e-03	5.983835e-03	3.797172e-02
0.0145        	8.491358e-03	5.838384e-03	3.388240e-02
0.015         	8.391553e-03	5.722101e-03	3.108000e-02
0.0155        	8.306037e-03	5.626512e-03	2.876537e-02
0.016         	8.242116e-03	5.532216e-03	2.662499e-02
0.0165        	8.196626e-03	5.430677e-03	2.455710e-02
0.017         	8.160252e-03	5.331190e-03	2.243361e-02
0.0175        	8.119895e-03	5.238574e-03	2.056603e-02
0.018         	8.075203e-03	5.153035e-03	1.913980e-02
0.0185        	8.034425e-03	5.077857e-03	1.788395e-02
0.019         	8.004292e-03	5.007459e-03	1.676502e-02
0.0195        	7.981974e-03	4.937355e-03	1.579947e-02
0.02          	7.962518e-03	4.867718e-03	1.500718e-02
0.0205        	7.943831e-03	4.799721e-03	1.417036e-02
0.021         	7.925410e-03	4.735764e-03	1.335530e-02
0.0215        	7.908839e-03	4.677764e-03	1.264626e-02
0.022         	7.895176e-03	4.623821e-03	1.209760e-02
0.0225        	7.884232e-03	4.571476e-03	1.161671e-02
0.023         	7.875409e-03	4.520194e-03	1.116795e-02
0.0235        	7.870356e-03	4.469982e-03	1.075061e-02
0.024         	7.866548e-03	4.421488e-03	1.035407e-02
0.0245        	7.864130e-03	4.376151e-03	9.988871e-03
0.025         	7.863568e-03	4.334017e-03	9.668284e-03
0.0255        	7.863880e-03	4.294069e-03	9.394399e-03
0.026         	7.864343e-03	4.255442e-03	9.154237e-03
0.0265        	7.867767e-03	4.218374e-03	8.928250e-03
0.027         	7.872942e-03	4.182453e-03	8.739846e-03
0.0275        	7.876153e-03	4.147665e-03	8.576711e-03
0.028         	7.878904e-03	4.114302e-03	8.449695e-03
0.0285        	7.881620e-03	4.082772e-03	8.333014e-03
0.029         	7.882867e-03	4.052633e-03	8.223851e-03
0.0295        	7.883304e-03	4.023590e-03	8.122643e-03
0.03          	7.883610e-03	3.995359e-03	8.024894e-03
0.0305        	7.880872e-03	3.967957e-03	7.939793e-03
0.031         	7.877656e-03	3.941727e-03	7.864263e-03
0.0315        	7.873811e-03	3.916631e-03	7.800160e-03
0.032         	7.867397e-03	3.892628e-03	7.737970e-03
0.0325        	7.859858e-03	3.869605e-03	7.675494e-03
0.033         	7.851649e-03	3.847489e-03	7.607749e-03
0.0335        	7.839548e-03	3.826222e-03	7.541730e-03
0.034         	7.829213e-03	3.806022e-03	7.476860e-03
0.0345        	7.815158e-03	3.786712e-03	7.414504e-03
0.035         	7.800064e-03	3.768548e-03	7.357588e-03
0.0355        	7.782845e-03	3.751497e-03	7.307946e-03
0.036         	7.762407e-03	3.735591e-03	7.265127e-03
0.0365        	7.741053e-03	3.720790e-03	7.225826e-03
0.037         	7.717481e-03	3.707092e-03	7.190071e-03
0.0375        	7.691877e-03	3.694509e-03	7.158097e-03
0.038         	7.664260e-03	3.683147e-03	7.130672e-03
0.0385        	7.634422e-03	3.673107e-03	7.106175e-03
0.039         	7.602480e-03	3.664356e-03	7.083799e-03
0.0395        	7.569087e-03	3.656947e-03	7.064179e-03
0.04          	7.533116e-03	3.650814e-03	7.046578e-03
0.0405        	7.495175e-03	3.645914e-03	7.032200e-03
0.041         	7.455545e-03	3.642289e-03	7.020607e-03
0.0415        	7.413913e-03	3.639937e-03	7.011498e-03
0.042         	7.370001e-03	3.638834e-03	7.004335e-03
0.0425        	7.324315e-03	3.639133e-03	7.000006e-03
0.043         	7.277571e-03	3.640781e-03	7.000820e-03
0.0435        	7.228967e-03	3.643841e-03	7.004256e-03
0.044         	7.178431e-03	3.648295e-03	7.011298e-03
0.0445        	7.126832e-03	3.654105e-03	7.020549e-03
0.045         	7.073860e-03	3.661267e-03	7.032110e-03
0.0455        	7.019781e-03	3.669600e-03	7.045053e-03
0.046         	6.964588e-03	3.679031e-03	7.060882e-03
0.0465        	6.909533e-03	3.689366e-03	7.079635e-03
0.047         	6.854628e-03	3.700414e-03	7.100018e-03
0.0475        	6.799494e-03	3.711901e-03	7.122747e-03
0.048         	6.744861e-03	3.723715e-03	7.146571e-03
0.0485        	6.690308e-03	3.735553e-03	7.168382e-03
0.049         	6.636833e-03	3.747209e-03	7.186363e-03
0.0495        	6.583252e-03	3.758543e-03	7.201259e-03
0.05          	6.530788e-03	3.769389e-03	7.214694e-03
0.0505        	6.478729e-03	3.779627e-03	7.227544e-03
0.051         	6.427391e-03	3.789140e-03	7.239076e-03
0.0515        	6.376942e-03	3.797859e-03	7.248479e-03
0.052         	6.327274e-03	3.805670e-03	7.252381e-03
0.0525        	6.277889e-03	3.812441e-03	7.258390e-03
0.053         	6.229204e-03	3.818050e-03	7.266639e-03
0.0535        	6.180499e-03	3.822396e-03	7.271224e-03
0.054         	6.131785e-03	3.825408e-03	7.271491e-03
0.0545        	6.085111e-03	3.826871e-03	7.267090e-03
0.055         	6.036277e-03	3.826708e-03	7.261188e-03
0.0555        	5.985933e-03	3.824779e-03	7.256864e-03
0.056         	5.936157e-03	3.820949e-03	7.246819e-03
0.0565        	5.884008e-03	3.815184e-03	7.231202e-03
0.057         	5.829006e-03	3.807363e-03	7.210170e-03
0.0575        	5.773698e-03	3.797419e-03	7.189076e-03
0.058         	5.716712e-03	3.785306e-03	7.161712e-03
0.0585        	5.657321e-03	3.770930e-03	7.131523e-03
0.059         	5.595710e-03	3.754279e-03	7.101377e-03
0.0595        	5.534240e-03	3.735233e-03	7.067332e-03
0.06          	5.470959e-03	3.713783e-03	7.028254e-03
0.0605        	5.405314e-03	3.689878e-03	6.983485e-03
0.061         	5.338992e-03	3.663525e-03	6.933502e-03
0.0615        	5.273939e-03	3.634686e-03	6.876108e-03
0.062         	5.207711e-03	3.603345e-03	6.818232e-03
0.0625        	5.140820e-03	3.569414e-03	6.754203e-03
0.063         	5.075236e-03	3.532897e-03	6.685259e-03
0.0635        	5.011510e-03	3.493833e-03	6.616268e-03
0.064         	4.947792e-03	3.452293e-03	6.546135e-03
0.0645        	4.883763e-03	3.408134e-03	6.470370e-03
0.065         	4.820790e-03	3.361384e-03	6.388508e-03
0.0655        	4.760349e-03	3.312098e-03	6.300731e-03
0.066         	4.700373e-03	3.260447e-03	6.209484e-03
0.0665        	4.641113e-03	3.206465e-03	6.117575e-03
0.067         	4.583169e-03	3.150154e-03	6.021768e-03
0.0675        	4.527028e-03	3.091719e-03	5.928032e-03
0.068         	4.470484e-03	3.031206e-03	5.837289e-03
0.0685        	4.412957e-03	2.968759e-03	5.744588e-03
0.069         	4.355164e-03	2.904638e-03	5.650223e-03
0.0695        	4.297101e-03	2.839042e-03	5.560728e-03
0.07          	4.237751e-03	2.772006e-03	5.471581e-03
0.0705        	4.177326e-03	2.703763e-03	5.381771e-03
0.071         	4.116985e-03	2.634638e-03	5.294264e-03
0.0715        	4.056418e-03	2.564786e-03	5.210654e-03
0.072         	3.994121e-03	2.494505e-03	5.124979e-03
0.0725        	3.930320e-03	2.424071e-03	5.036668e-03
0.073         	3.864971e-03	2.353765e-03	4.955116e-03
0.0735        	3.799590e-03	2.283748e-03	4.874821e-03
0.074         	3.732518e-03	2.214351e-03	4.793745e-03
0.0745        	3.664127e-03	2.145934e-03	4.711894e-03
0.075         	3.594331e-03	2.078660e-03	4.632805e-03
0.0755        	3.523771e-03	2.012719e-03	4.554012e-03
0.076         	3.452534e-03	1.948519e-03	4.474771e-03
0.0765        	3.380950e-03	1.886179e-03	4.396449e-03
0.077         	3.308863e-03	1.825851e-03	4.319136e-03
0.0775        	3.236400e-03	1.767843e-03	4.241851e-03
0.078         	3.163677e-03	1.712231e-03	4.164211e-03
0.0785        	3.090706e-03	1.659225e-03	4.086912e-03
0.079         	3.018203e-03	1.608965e-03	4.011704e-03
0.0795        	2.946328e-03	1.561686e-03	3.938350e-03
0.08          	2.875279e-03	1.517472e-03	3.865737e-03
0.0805        	2.805088e-03	1.475900e-03	3.796953e-03
0.081         	2.735960e-03	1.437276e-03	3.732276e-03
0.0815        	2.668088e-03	1.401431e-03	3.667823e-03
0.082         	2.601900e-03	1.368538e-03	3.607557e-03
0.0825        	2.537302e-03	1.337482e-03	3.551640e-03
0.083         	2.474777e-03	1.307765e-03	3.498296e-03
0.0835        	2.414310e-03	1.279342e-03	3.445146e-03
0.084         	2.355775e-03	1.252241e-03	3.395554e-03
0.0845        	2.299721e-03	1.226057e-03	3.347795e-03
0.085         	2.245480e-03	1.200782e-03	3.298602e-03
0.0855        	2.193876e-03	1.175579e-03	3.250257e-03
0.086         	2.144461e-03	1.150229e-03	3.203908e-03
0.0865        	2.097605e-03	1.124816e-03	3.160512e-03
0.087         	2.053131e-03	1.100015e-03	3.116777e-03
0.0875        	2.011270e-03	1.075329e-03	3.072723e-03
0.088         	1.971584e-03	1.050484e-03	3.030407e-03
0.0885        	1.934212e-03	1.025649e-03	2.986571e-03
0.089         	1.898626e-03	1.000920e-03	2.942725e-03
0.0895        	1.865062e-03	9.763459e-04	2.900140e-03
0.09          	1.833149e-03	9.519939e-04	2.859383e-03
0.0905        	1.802763e-03	9.280385e-04	2.820114e-03
0.091         	1.773885e-03	9.044240e-04	2.783703e-03
0.0915        	1.746091e-03	8.815437e-04	2.747951e-03
0.092         	1.719154e-03	8.591718e-04	2.711631e-03
0.0925        	1.693132e-03	8.374832e-04	2.677487e-03
0.093         	1.667709e-03	8.167485e-04	2.644068e-03
0.0935        	1.642186e-03	7.967631e-04	2.610127e-03
0.094         	1.616590e-03	7.777228e-04	2.576491e-03
0.0945        	1.590877e-03	7.598202e-04	2.544260e-03
0.095         	1.564182e-03	7.429075e-04	2.511509e-03
0.0955        	1.537236e-03	7.271072e-04	2.478249e-03
0.096         	1.509399e-03	7.126522e-04	2.446277e-03
0.0965        	1.481377e-03	6.992504e-04	2.412305e-03
0.097         	1.452947e-03	6.872138e-04	2.378889e-03
0.0975        	1.424152e-03	6.763246e-04	2.347621e-03
0.098         	1.395150e-03	6.662834e-04	2.313978e-03
0.0985        	1.365904e-03	6.572701e-04	2.280939e-03
0.099         	1.336493e-03	6.489830e-04	2.248326e-03
0.0995        	1.307193e-03	6.414219e-04	2.215061e-03
0.1           	1.278040e-03	6.341866e-04	2.183289e-03
0.1005        	1.249154e-03	6.274981e-04	2.148223e-03
0.101         	1.220676e-03	6.208856e-04	2.114405e-03
0.1015        	1.192513e-03	6.145974e-04	2.081619e-03
0.102         	1.165173e-03	6.086681e-04	2.046541e-03
0.1025        	1.138515e-03	6.029709e-04	2.014561e-03
0.103         	1.112549e-03	5.973342e-04	1.983398e-03
0.1035        	1.087422e-03	5.914017e-04	1.951901e-03
0.104         	1.062668e-03	5.854623e-04	1.919759e-03
0.1045        	1.038912e-03	5.791147e-04	1.886688e-03
0.105         	1.015693e-03	5.724727e-04	1.855527e-03
0.1055        	9.931933e-04	5.655492e-04	1.824459e-03
0.106         	9.715764e-04	5.583029e-04	1.793141e-03
0.1065        	9.505917e-04	5.510164e-04	1.761600e-03
0.107         	9.304625e-04	5.433635e-04	1.732229e-03
0.1075        	9.111503e-04	5.355780e-04	1.704383e-03
0.108         	8.925537e-04	5.275055e-04	1.678274e-03
0.1085        	8.747867e-04	5.193848e-04	1.652701e-03
0.109         	8.579365e-04	5.111800e-04	1.627479e-03
0.1095        	8.417205e-04	5.029708e-04	1.603323e-03
0.11          	8.263777e-04	4.948277e-04	1.578487e-03
0.1105        	8.119078e-04	4.867643e-04	1.555970e-03
0.111         	7.979286e-04	4.788769e-04	1.531079e-03
0.1115        	7.850389e-04	4.712162e-04	1.506466e-03
0.112         	7.726164e-04	4.638206e-04	1.481211e-03
0.1125        	7.609452e-04	4.567901e-04	1.455272e-03
0.113         	7.500078e-04	4.502156e-04	1.429695e-03
0.1135        	7.395597e-04	4.440288e-04	1.402400e-03
0.114         	7.296841e-04	4.384381e-04	1.376481e-03
0.1145        	7.203073e-04	4.331150e-04	1.349038e-03
0.115         	7.114619e-04	4.285277e-04	1.322261e-03
0.1155        	7.029831e-04	4.241297e-04	1.295170e-03
0.116         	6.946482e-04	4.204759e-04	1.268383e-03
0.1165        	6.863276e-04	4.170724e-04	1.242792e-03
0.117         	6.781989e-04	4.143491e-04	1.217295e-03
0.1175        	6.704998e-04	4.116606e-04	1.192942e-03
0.118         	6.627763e-04	4.088770e-04	1.167558e-03
0.1185        	6.552293e-04	4.059615e-04	1.143912e-03
0.119         	6.476497e-04	4.025558e-04	1.121188e-03
0.1195        	6.402186e-04	3.994508e-04	1.098818e-03
0.12          	6.328125e-04	3.960210e-04	1.077190e-03
0.1205        	6.255014e-04	3.923367e-04	1.057517e-03
0.121         	6.181842e-04	3.884319e-04	1.039126e-03
0.1215        	6.109652e-04	3.843151e-04	1.021117e-03
0.122         	6.037415e-04	3.801238e-04	1.003888e-03
0.1225        	5.965148e-04	3.755720e-04	9.870960e-04
0.123         	5.893499e-04	3.708771e-04	9.698547e-04
0.1235        	5.821015e-04	3.660118e-04	9.545503e-04
0.124         	5.749426e-04	3.609656e-04	9.401297e-04
0.1245        	5.676914e-04	3.559849e-04	9.272764e-04
0.125         	5.604955e-04	3.508360e-04	9.144653e-04
0.1255        	5.532340e-04	3.458573e-04	9.020755e-04
0.126         	5.459682e-04	3.408538e-04	8.908937e-04
0.1265        	5.386658e-04	3.359871e-04	8.793937e-04
0.127         	5.313117e-04	3.313056e-04	8.685155e-04
0.1275        	5.239224e-04	3.267240e-04	8.571199e-04
0.128         	5.164138e-04	3.224722e-04	8.457306e-04
0.1285        	5.086570e-04	3.183652e-04	8.333802e-04
0.129         	5.007874e-04	3.146664e-04	8.213090e-04
0.1295        	4.928497e-04	3.111644e-04	8.078120e-04
0.13          	4.847510e-04	3.080943e-04	7.953809e-04
0.1305        	4.764549e-04	3.051113e-04	7.814503e-04
0.131         	4.680490e-04	3.024964e-04	7.680143e-04
0.1315        	4.595398e-04	2.998821e-04	7.538465e-04
0.132         	4.510213e-04	2.974213e-04	7.403966e-04
0.1325        	4.424517e-04	2.948661e-04	7.267394e-04
0.133         	4.339732e-04	2.923753e-04	7.123078e-04
0.1335        	4.255036e-04	2.897430e-04	6.982707e-04
0.134         	4.172033e-04	2.870681e-04	6.844945e-04
0.1345        	4.090297e-04	2.842985e-04	6.712150e-04
0.135         	4.010308e-04	2.814676e-04	6.572848e-04
0.1355        	3.932584e-04	2.786143e-04	6.453784e-04
0.136         	3.856430e-04	2.756377e-04	6.329470e-04
0.1365        	3.783348e-04	2.724883e-04	6.211762e-04
0.137         	3.712120e-04	2.692377e-04	6.094999e-04
0.1375        	3.644246e-04	2.658816e-04	5.981372e-04
0.138         	3.578518e-04	2.625079e-04	5.864284e-04
0.1385        	3.515240e-04	2.589927e-04	5.744757e-04
0.139         	3.454870e-04	2.553782e-04	5.636700e-04
0.1395        	3.397373e-04	2.516945e-04	5.536844e-04
0.14          	3.342652e-04	2.479274e-04	5.437478e-04
0.1405        	3.289863e-04	2.441800e-04	5.341345e-04
0.141         	3.238886e-04	2.403742e-04	5.243735e-04
0.1415        	3.190086e-04	2.366724e-04	5.152584e-04
0.142         	3.142768e-04	2.329634e-04	5.058993e-04
0.1425        	3.097751e-04	2.293583e-04	4.973181e-04
0.143         	3.053977e-04	2.256989e-04	4.882953e-04
0.1435        	3.012097e-04	2.221136e-04	4.792634e-04
0.144         	2.971388e-04	2.185517e-04	4.699165e-04
0.1445        	2.931661e-04	2.150417e-04	4.601003e-04
0.145         	2.893194e-04	2.116576e-04	4.507930e-04
0.1455        	2.855412e-04	2.082869e-04	4.404483e-04
0.146         	2.817853e-04	2.051135e-04	4.306682e-04
0.1465        	2.779628e-04	2.019491e-04	4.207469e-04
0.147         	2.741163e-04	1.989706e-04	4.107868e-04
0.1475        	2.703469e-04	1.960726e-04	4.009204e-04
0.148         	2.665916e-04	1.933087e-04	3.905549e-04
0.1485        	2.627715e-04	1.906942e-04	3.811479e-04
0.149         	2.589319e-04	1.881572e-04	3.715361e-04
0.1495        	2.550814e-04	1.857218e-04	3.626793e-04
0.15          	2.512453e-04	1.834258e-04	3.543437e-04
0.1505        	2.474125e-04	1.812705e-04	3.459341e-04
0.151         	2.436407e-04	1.790994e-04	3.377062e-04
0.1515        	2.399003e-04	1.770109e-04	3.303662e-04
0.152         	2.362121e-04	1.748719e-04	3.239104e-04
0.1525        	2.326178e-04	1.728305e-04	3.174148e-04
0.153         	2.290505e-04	1.708971e-04	3.110785e-04
0.1535        	2.256028e-04	1.689787e-04	3.054359e-04
0.154         	2.222164e-04	1.670723e-04	3.009048e-04
0.1545        	2.189315e-04	1.651257e-04	2.968193e-04
0.155         	2.157286e-04	1.632009e-04	2.927738e-04
0.1555        	2.126002e-04	1.612295e-04	2.888831e-04
0.156         	2.095748e-04	1.592833e-04	2.847427e-04
0.1565        	2.066066e-04	1.573142e-04	2.809279e-04
0.157         	2.037541e-04	1.553493e-04	2.770679e-04
0.1575        	2.009546e-04	1.534022e-04	2.730915e-04
0.158         	1.982338e-04	1.514378e-04	2.693213e-04
0.1585        	1.955938e-04	1.495131e-04	2.652310e-04
0.159         	1.930177e-04	1.475838e-04	2.611715e-04
0.1595        	1.905031e-04	1.456888e-04	2.570122e-04
0.16          	1.879739e-04	1.438127e-04	2.525386e-04
0.1605        	1.854573e-04	1.419217e-04	2.481738e-04
0.161         	1.829345e-04	1.400518e-04	2.436666e-04
0.1615        	1.804811e-04	1.381791e-04	2.388852e-04
0.162         	1.779740e-04	1.363056e-04	2.338310e-04
0.1625        	1.754592e-04	1.344173e-04	2.287642e-04
0.163         	1.729220e-04	1.325038e-04	2.238242e-04
0.1635        	1.703823e-04	1.305881e-04	2.188275e-04
0.164         	1.678464e-04	1.286714e-04	2.141510e-04
0.1645        	1.653197e-04	1.267535e-04	2.095724e-04
0.165         	1.628250e-04	1.247984e-04	2.049324e-04
0.1655        	1.603573e-04	1.228120e-04	2.003940e-04
0.166         	1.579110e-04	1.208172e-04	1.959399e-04
0.1665        	1.555188e-04	1.187900e-04	1.912961e-04
0.167         	1.531628e-04	1.167229e-04	1.867116e-04
0.1675        	1.508656e-04	1.146245e-04	1.823005e-04
0.168         	1.486035e-04	1.124997e-04	1.782342e-04
0.1685        	1.464103e-04	1.103561e-04	1.743278e-04
0.169         	1.442509e-04	1.081961e-04	1.704392e-04
0.1695        	1.421299e-04	1.060336e-04	1.665474e-04
0.17          	1.400599e-04	1.038685e-04	1.627007e-04
0.1705        	1.380308e-04	1.017132e-04	1.589512e-04
0.171         	1.360559e-04	9.956629e-05	1.553125e-04
0.1715        	1.341078e-04	9.743842e-05	1.517078e-04
0.172         	1.322114e-04	9.533920e-05	1.482677e-04
0.1725        	1.303456e-04	9.326160e-05	1.448017e-04
0.173         	1.284979e-04	9.122293e-05	1.411955e-04
0.1735        	1.267009e-04	8.921803e-05	1.376016e-04
0.174         	1.249225e-04	8.725697e-05	1.340160e-04
0.1745        	1.231743e-04	8.534181e-05	1.303122e-04
0.175         	1.214133e-04	8.346547e-05	1.266055e-04
0.1755        	1.196548e-04	8.164759e-05	1.230353e-04
0.176         	1.179004e-04	7.987968e-05	1.192218e-04
0.1765        	1.161536e-04	7.815375e-05	1.154892e-04
0.177         	1.144455e-04	7.648424e-05	1.119642e-04
0.1775        	1.127349e-04	7.487068e-05	1.085281e-04
0.178         	1.110158e-04	7.330853e-05	1.052558e-04
0.1785        	1.093060e-04	7.180434e-05	1.021812e-04
0.179         	1.076102e-04	7.034644e-05	9.936048e-05
0.1795        	1.059216e-04	6.893275e-05	9.668172e-05
0.18          	1.042559e-04	6.756383e-05	9.412279e-05
0.1805        	1.026159e-04	6.625014e-05	9.179717e-05
0.181         	1.009945e-04	6.498117e-05	8.966276e-05
0.1815        	9.940160e-05	6.374948e-05	8.770411e-05
0.182         	9.784424e-05	6.254546e-05	8.570677e-05
0.1825        	9.631498e-05	6.137148e-05	8.380935e-05
0.183         	9.481801e-05	6.023107e-05	8.223072e-05
0.1835        	9.336240e-05	5.911925e-05	8.075092e-05
0.184         	9.193591e-05	5.804255e-05	7.932688e-05
0.1845        	9.054398e-05	5.699710e-05	7.803030e-05
0.185         	8.919268e-05	5.597729e-05	7.674923e-05
0.1855        	8.787056e-05	5.497845e-05	7.552013e-05
0.186         	8.658062e-05	5.400116e-05	7.430657e-05
0.1865        	8.532343e-05	5.304913e-05	7.319082e-05
0.187         	8.408077e-05	5.211442e-05	7.208434e-05
0.1875        	8.285615e-05	5.119675e-05	7.099411e-05
0.188         	8.165269e-05	5.029599e-05	6.991163e-05
0.1885        	8.047615e-05	4.941300e-05	6.872921e-05
0.189         	7.932109e-05	4.855257e-05	6.778922e-05
0.1895        	7.817131e-05	4.771084e-05	6.648991e-05
0.19          	7.703104e-05	4.688385e-05	6.490526e-05
0.1905        	7.589989e-05	4.607327e-05	6.359580e-05
0.191         	7.477793e-05	4.527389e-05	6.236339e-05
0.1915        	7.366632e-05	4.448477e-05	6.112318e-05
0.192         	7.256548e-05	4.370704e-05	6.003000e-05
0.1925        	7.147624e-05	4.293854e-05	5.898004e-05
0.193         	7.040008e-05	4.218353e-05	5.787070e-05
0.1935        	6.933666e-05	4.143855e-05	5.675343e-05
0.194         	6.828703e-05	4.070339e-05	5.572987e-05
0.1945        	6.725186e-05	3.998024e-05	5.474628e-05
0.195         	6.623128e-05	3.926827e-05	5.375531e-05
0.1955        	6.522605e-05	3.856954e-05	5.281633e-05
0.196         	6.423615e-05	3.788312e-05	5.192132e-05
0.1965        	6.326208e-05	3.720965e-05	5.100116e-05
0.197         	6.230380e-05	3.654972e-05	5.005027e-05
0.1975        	6.136132e-05	3.590282e-05	4.906217e-05
0.198         	6.043492e-05	3.527097e-05	4.816288e-05
0.1985        	5.952425e-05	3.465410e-05	4.722510e-05
0.199         	5.862972e-05	3.405069e-05	4.628256e-05
0.1995        	5.775278e-05	3.346465e-05	4.597474e-05
0.2           	5.688775e-05	3.289151e-05	4.512694e-05
0.2005        	5.603895e-05	3.233339e-05	4.386990e-05
0.201         	5.520604e-05	3.178869e-05	4.264135e-05
0.2015        	5.438881e-05	3.125999e-05	4.163695e-05
0.202         	5.358604e-05	3.074686e-05	4.068226e-05
0.2025        	5.279769e-05	3.024606e-05	3.990216e-05
0.203         	5.202418e-05	2.976018e-05	3.920919e-05
0.2035        	5.126555e-05	2.928874e-05	3.849653e-05
0.204         	5.052144e-05	2.883092e-05	3.778935e-05
0.2045        	4.979060e-05	2.838520e-05	3.712498e-05
0.205         	4.907261e-05	2.795145e-05	3.648995e-05
0.2055        	4.836711e-05	2.752984e-05	3.588493e-05
0.206         	4.767371e-05	2.712026e-05	3.529985e-05
0.2065        	4.699246e-05	2.672220e-05	3.474011e-05
0.207         	4.632305e-05	2.633509e-05	3.419143e-05
0.2075        	4.566491e-05	2.595775e-05	3.366298e-05
0.208         	4.501766e-05	2.559000e-05	3.315442e-05
0.2085        	4.438105e-05	2.523171e-05	3.267451e-05
0.209         	4.375484e-05	2.488237e-05	3.220598e-05
0.2095        	4.313890e-05	2.454205e-05	3.174061e-05
0.21          	4.253299e-05	2.420992e-05	3.127511e-05
0.2105        	4.193694e-05	2.388534e-05	3.081799e-05
0.211         	4.135039e-05	2.356811e-05	3.044567e-05
0.2115        	4.077315e-05	2.325772e-05	3.009965e-05
0.212         	4.020611e-05	2.295289e-05	2.958662e-05
0.2125        	3.964773e-05	2.265560e-05	2.919428e-05
0.213         	3.909939e-05	2.236802e-05	2.977777e-05
0.2135        	3.855417e-05	2.208419e-05	2.955149e-05
0.214         	3.801965e-05	2.180641e-05	2.886059e-05
0.2145        	3.749467e-05	2.153384e-05	2.817974e-05
0.215         	3.697859e-05	2.126510e-05	2.745676e-05
0.2155        	3.647134e-05	2.100325e-05	2.688378e-05
0.216         	3.597186e-05	2.074798e-05	2.655410e-05
0.2165        	3.548014e-05	2.049841e-05	2.629929e-05
0.217         	3.499666e-05	2.025366e-05	2.597644e-05
0.2175        	3.452138e-05	2.001327e-05	2.563990e-05
0.218         	3.405385e-05	1.977734e-05	2.531361e-05
0.2185        	3.359383e-05	1.954611e-05	2.500935e-05
0.219         	3.314114e-05	1.931969e-05	2.471009e-05
0.2195        	3.269563e-05	1.909801e-05	2.441177e-05
0.22          	3.225751e-05	1.888178e-05	2.409952e-05
0.2205        	3.182631e-05	1.866909e-05	2.378304e-05
0.221         	3.140153e-05	1.845872e-05	2.349339e-05
0.2215        	3.098342e-05	1.825323e-05	2.320425e-05
0.222         	3.057172e-05	1.805248e-05	2.290992e-05
0.2225        	3.016642e-05	1.785576e-05	2.261337e-05
0.223         	2.976748e-05	1.766177e-05	2.243783e-05
0.2235        	2.937394e-05	1.746978e-05	2.211269e-05
0.224         	2.898668e-05	1.728185e-05	2.184293e-05
0.2245        	2.860491e-05	1.709763e-05	2.164622e-05
0.225         	2.822854e-05	1.691699e-05	2.141909e-05
0.2255        	2.785937e-05	1.674192e-05	2.116431e-05
0.226         	2.749322e-05	1.656662e-05	2.091973e-05
0.2265        	2.713259e-05	1.639156e-05	2.064077e-05
0.227         	2.677700e-05	1.621888e-05	2.048099e-05
0.2275        	2.642627e-05	1.604988e-05	2.030539e-05
0.228         	2.608042e-05	1.588343e-05	2.010442e-05
0.2285        	2.573966e-05	1.571906e-05	1.990323e-05
0.229         	2.540575e-05	1.555930e-05	2.082224e-05
0.2295        	2.507035e-05	1.539771e-05	2.085386e-05
0.23          	2.474002e-05	1.523712e-05	2.046152e-05
0.2305        	2.441548e-05	1.507859e-05	1.993700e-05
0.231         	2.409574e-05	1.492225e-05	1.940077e-05
0.2315        	2.378055e-05	1.476781e-05	1.895194e-05
0.232         	2.346968e-05	1.461452e-05	1.866795e-05
0.2325        	2.316305e-05	1.446202e-05	1.849363e-05
0.233         	2.286051e-05	1.431051e-05	1.828061e-05
0.2335        	2.256197e-05	1.416021e-05	1.803996e-05
0.234         	2.226740e-05	1.401124e-05	1.781784e-05
0.2345        	2.197680e-05	1.386358e-05	1.760744e-05
0.235         	2.169020e-05	1.371710e-05	1.739842e-05
0.2355        	2.140750e-05	1.357173e-05	1.718576e-05
0.236         	2.112863e-05	1.342744e-05	1.698512e-05
0.2365        	2.085325e-05	1.328387e-05	1.680402e-05
0.237         	2.058186e-05	1.314203e-05	1.662475e-05
0.2375        	2.031427e-05	1.300161e-05	1.644283e-05
0.238         	2.005179e-05	1.286141e-05	1.636189e-05
0.2385        	1.979070e-05	1.272338e-05	1.619476e-05
0.239         	1.953184e-05	1.258435e-05	1.600926e-05
0.2395        	1.928037e-05	1.244854e-05	1.583482e-05
0.24          	1.902945e-05	1.231522e-05	1.556824e-05
0.2405        	1.878195e-05	1.217993e-05	1.547021e-05
0.241         	1.854086e-05	1.204742e-05	1.523492e-05
0.2415        	1.830058e-05	1.191663e-05	1.524982e-05
0.242         	1.806233e-05	1.178686e-05	1.485599e-05
0.2425        	1.782861e-05	1.165661e-05	1.476503e-05
0.243         	1.759662e-05	1.152663e-05	1.467849e-05
0.2435        	1.737270e-05	1.140097e-05	1.441419e-05
0.244         	1.714790e-05	1.127676e-05	1.445254e-05
0.2445        	1.692425e-05	1.115282e-05	1.402761e-05
0.245         	1.670537e-05	1.102804e-05	1.391997e-05
0.2455        	1.648793e-05	1.090310e-05	1.384598e-05
0.246         	1.627427e-05	1.078016e-05	1.374459e-05
0.2465        	1.606830e-05	1.066162e-05	1.353796e-05
0.247         	1.586005e-05	1.054356e-05	1.358199e-05
0.2475        	1.565227e-05	1.042535e-05	1.316380e-05
0.248         	1.544942e-05	1.030618e-05	1.305152e-05
0.2485        	1.524781e-05	1.018674e-05	1.299016e-05
0.249         	1.504971e-05	1.006911e-05	1.290128e-05
0.2495        	1.485890e-05	9.955559e-06	1.773501e-05
0.25          	1.465949e-05	1.005764e-05	1.347791e-05
0.2505        	1.446920e-05	9.928490e-06	1.526121e-05
0.251         	1.427816e-05	9.971292e-06	1.812362e-05
0.2515        	1.408611e-05	1.004681e-05	1.881126e-05
0.252         	1.389708e-05	9.780281e-06	1.299551e-05
0.2525        	1.370385e-05	9.747293e-06	1.613437e-05
0.253         	1.351418e-05	9.786868e-06	1.628332e-05
0.2535        	1.333226e-05	9.844887e-06	1.475990e-05
0.254         	1.315599e-05	9.878545e-06	1.311393e-05
0.2545        	1.298136e-05	9.867683e-06	1.190502e-05
0.255         	1.280521e-05	9.818518e-06	1.127364e-05
0.2555        	1.262993e-05	9.763067e-06	1.101229e-05
0.256         	1.245851e-05	9.722332e-06	1.088309e-05
0.2565        	1.228842e-05	9.691278e-06	1.082922e-05
0.257         	1.212201e-05	9.666230e-06	1.069740e-05
0.2575        	1.195854e-05	9.641795e-06	1.049786e-05
0.258         	1.179804e-05	9.616854e-06	1.032571e-05
0.2585        	1.164001e-05	9.591361e-06	1.018846e-05
0.259         	1.148404e-05	9.565570e-06	1.004165e-05
0.2595        	1.132998e-05	9.540005e-06	9.882119e-06
0.26          	1.117778e-05	9.514584e-06	9.722851e-06
0.2605        	1.102713e-05	9.488846e-06	9.573066e-06
0.261         	1.087896e-05	9.463537e-06	9.433917e-06
0.2615        	1.073313e-05	9.437322e-06	9.312309e-06
0.262         	1.058958e-05	9.409464e-06	9.202684e-06
0.2625        	1.044821e-05	9.379821e-06	9.098808e-06
0.263         	1.030970e-05	9.348966e-06	8.897747e-06
0.2635        	1.017223e-05	9.316591e-06	8.790090e-06
0.264         	1.003674e-05	9.283470e-06	8.723609e-06
0.2645        	9.903495e-06	9.250167e-06	5.646691e-06
0.265         	9.835928e-06	9.106826e-06	7.537376e-06
0.2655        	9.809038e-06	8.971364e-06	6.113379e-06
0.266         	9.785390e-06	8.876142e-06	3.859251e-06
0.2665        	9.718914e-06	8.807503e-06	3.325346e-06
0.267         	9.621872e-06	8.751237e-06	3.693558e-06
0.2675        	9.523451e-06	8.702790e-06	3.544988e-06
0.268         	9.447266e-06	8.658250e-06	3.093426e-06
0.2685        	9.381847e-06	8.612009e-06	2.885192e-06
0.269         	9.318447e-06	8.557910e-06	2.780929e-06
0.2695        	9.257934e-06	8.501320e-06	2.584407e-06
0.27          	9.197178e-06	8.442768e-06	2.309125e-06
0.2705        	9.134371e-06	8.383101e-06	2.283456e-06
0.271         	9.073253e-06	8.326456e-06	2.235441e-06
0.2715        	9.012413e-06	8.271927e-06	2.246270e-06
0.272         	8.952120e-06	8.218909e-06	2.258831e-06
0.2725        	8.892061e-06	8.166061e-06	2.245180e-06
0.273         	8.831881e-06	8.114767e-06	2.219822e-06
0.2735        	8.772045e-06	8.063761e-06	2.116632e-06
0.274         	8.714569e-06	8.015108e-06	2.123122e-06
0.2745        	8.656171e-06	7.964877e-06	2.048714e-06
0.275         	8.600160e-06	7.917082e-06	2.090878e-06
0.2755        	8.543165e-06	7.866155e-06	2.112203e-06
0.276         	8.486973e-06	7.821871e-06	2.135330e-06
0.2765        	8.434167e-06	7.783289e-06	2.092728e-06
0.277         	8.378513e-06	7.744021e-06	2.053389e-06
0.2775        	8.323036e-06	7.706053e-06	2.096611e-06
0.278         	8.271028e-06	7.667731e-06	2.075470e-06
0.2785        	8.217390e-06	7.633915e-06	2.004019e-06
0.279         	8.164172e-06	7.606268e-06	2.048858e-06
0.2795        	8.114099e-06	7.577821e-06	2.020559e-06
0.28          	8.062720e-06	7.554610e-06	1.975821e-06
0.2805        	8.013029e-06	7.533334e-06	2.057869e-06
0.281         	7.962534e-06	7.518856e-06	2.070246e-06
0.2815        	7.916740e-06	7.505422e-06	2.067875e-06
0.282         	7.869365e-06	7.495134e-06	2.128013e-06
0.2825        	7.821747e-06	7.496101e-06	2.137790e-06
0.283         	7.778701e-06	7.496569e-06	2.132492e-06
0.2835        	7.734131e-06	7.501438e-06	2.185206e-06
0.284         	7.689615e-06	7.513700e-06	2.189242e-06
0.2845        	7.649918e-06	7.523695e-06	2.195821e-06
0.285         	7.608256e-06	7.536240e-06	2.254984e-06
0.2855        	7.572839e-06	7.562343e-06	2.228631e-06
0.286         	7.535243e-06	7.600350e-06	2.287905e-06
0.2865        	7.504179e-06	7.651001e-06	2.266884e-06
0.287         	7.470127e-06	7.711464e-06	2.329668e-06
0.2875        	7.441981e-06	7.775286e-06	2.316906e-06
0.288         	7.411488e-06	7.838589e-06	2.406148e-06
0.2885        	7.388017e-06	7.911626e-06	2.415111e-06
0.289         	7.362461e-06	8.004227e-06	2.510693e-06
0.2895        	7.344095e-06	8.096350e-06	2.586971e-06
0.29          	7.328103e-06	8.198728e-06	2.660184e-06
0.2905        	7.315998e-06	8.330181e-06	2.777266e-06
0.291         	7.304588e-06	8.485347e-06	2.859035e-06
0.2915        	7.302123e-06	8.645494e-06	2.883549e-06
0.292         	7.298121e-06	8.822295e-06	3.045114e-06
0.2925        	7.301899e-06	9.004307e-06	3.126436e-06
0.293         	7.309737e-06	9.214223e-06	3.215616e-06
0.2935        	7.320575e-06	9.430921e-06	3.360069e-06
0.294         	7.343200e-06	9.669450e-06	3.413168e-06
0.2945        	7.367809e-06	9.930840e-06	3.558999e-06
0.295         	7.399729e-06	1.023244e-05	4.570164e-05
0.2955        	7.295376e-06	8.468742e-06	1.346020e-05
0.296         	7.266344e-06	8.693035e-06	1.008630e-05
0.2965        	7.228875e-06	8.956215e-06	1.265033e-05
0.297         	7.188919e-06	9.251746e-06	9.583320e-06
0.2975        	7.179804e-06	9.540365e-06	4.372032e-06
0.298         	7.206296e-06	9.818083e-06	5.240689e-06
0.2985        	7.257061e-06	1.011075e-05	4.737379e-05
0.299         	7.143923e-06	8.285169e-06	1.466387e-05
0.2995        	7.114091e-06	8.516420e-06	1.187485e-05
0.3           	7.079908e-06	8.798333e-06	1.329808e-05
0.3005        	7.054510e-06	9.120353e-06	9.427701e-06
0.301         	7.057335e-06	9.453492e-06	4.866066e-06
0.3015        	7.101117e-06	9.768442e-06	6.042749e-06
0.302         	7.167823e-06	1.007619e-05	5.322680e-05
0.3025        	7.046912e-06	8.190055e-06	1.564422e-05
0.303         	7.026119e-06	8.441752e-06	1.259303e-05
0.3035        	7.002497e-06	8.720733e-06	1.456806e-05
0.304         	6.986070e-06	9.048245e-06	1.022937e-05
0.3045        	7.006415e-06	9.402475e-06	5.053257e-06
0.305         	7.070402e-06	9.758539e-06	6.651393e-06
0.3055        	7.159911e-06	1.010481e-05	6.067731e-05
0.306         	7.029806e-06	8.134560e-06	1.739798e-05
0.3065        	7.018601e-06	8.419047e-06	1.401789e-05
0.307         	7.005016e-06	8.733445e-06	1.622165e-05
0.3075        	6.999622e-06	9.073303e-06	1.112259e-05
0.308         	7.036988e-06	9.432351e-06	5.517408e-06
0.3085        	7.125649e-06	9.800052e-06	7.534592e-06
0.309         	7.242639e-06	1.017860e-05	7.049530e-05
0.3095        	7.101746e-06	8.140790e-06	1.955061e-05
0.31          	7.105074e-06	8.457708e-06	1.577890e-05
0.3105        	7.105043e-06	8.808904e-06	1.838285e-05
0.311         	7.111779e-06	9.189165e-06	1.232010e-05
0.3115        	7.174338e-06	9.564125e-06	6.139669e-06
0.312         	7.291106e-06	9.937037e-06	8.660594e-06
0.3125        	7.441787e-06	1.032361e-05	8.336551e-05
0.313         	7.291943e-06	8.198821e-06	2.235981e-05
0.3135        	7.314964e-06	8.547848e-06	1.811907e-05
0.314         	7.334369e-06	8.936047e-06	2.117917e-05
0.3145        	7.362300e-06	9.360949e-06	1.388160e-05
0.315         	7.449616e-06	9.775710e-06	6.978107e-06
0.3155        	7.605340e-06	1.016875e-05	9.562557e-05
0.316         	7.472649e-06	8.067851e-06	2.195399e-05
0.3165        	7.520167e-06	8.410383e-06	2.274549e-05
0.317         	7.550178e-06	8.800832e-06	2.562948e-05
0.3175        	7.589066e-06	9.234681e-06	1.500330e-05
0.318         	7.703896e-06	9.659797e-06	7.602503e-06
0.3185        	7.896167e-06	1.005753e-05	1.085415e-04
0.319         	7.773290e-06	7.973637e-06	2.425834e-05
0.3195        	7.843880e-06	8.329632e-06	2.584752e-05
0.32          	7.900268e-06	8.739942e-06	2.845760e-05
0.3205        	7.971147e-06	9.186722e-06	1.604027e-05
0.321         	8.122110e-06	9.605755e-06	8.908800e-06
0.3215        	8.350939e-06	9.995565e-06	1.477077e-05
0.322         	8.612731e-06	1.039964e-05	1.329536e-04
0.3225        	8.476927e-06	8.208922e-06	3.339695e-05
0.323         	8.585188e-06	8.617132e-06	2.654679e-05
0.3235        	8.701683e-06	9.058042e-06	3.170411e-05
0.324         	8.830231e-06	9.537280e-06	2.004826e-05
0.3245        	9.021171e-06	9.987331e-06	1.083669e-05
0.325         	9.299154e-06	1.038606e-05	1.611362e-04
0.3255        	9.220284e-06	8.186466e-06	3.372013e-05
0.326         	9.371139e-06	8.575204e-06	3.652375e-05
0.3265        	9.496753e-06	9.014841e-06	4.156556e-05
0.327         	9.643909e-06	9.488806e-06	2.350162e-05
0.3275        	9.879781e-06	9.908507e-06	1.298577e-05
0.328         	1.019090e-05	1.024866e-05	2.275271e-05
0.3285        	8.086428e-06	7.671723e-06	1.773314e-05
0.329         	8.293152e-06	7.884423e-06	1.324855e-05
0.3295        	8.495708e-06	8.123157e-06	9.491242e-06
0.33          	8.715867e-06	8.356330e-06	1.301988e-05
0.3305        	8.967088e-06	8.572455e-06	1.502157e-05
0.331         	9.229461e-06	8.794209e-06	1.423955e-05
0.3315        	9.488544e-06	9.036038e-06	1.275601e-05
0.332         	9.750002e-06	9.279068e-06	1.344378e-05
0.3325        	1.003539e-05	9.521533e-06	1.982442e-04
0.333         	8.218133e-06	9.444616e-06	6.270254e-05
0.3335        	8.544938e-06	9.570522e-06	5.037606e-05
0.334         	8.879030e-06	9.651255e-06	6.045151e-05
0.3345        	9.237472e-06	9.728273e-06	4.768514e-05
0.335         	9.561358e-06	9.887900e-06	2.453042e-05
0.3355        	9.839563e-06	1.014728e-05	2.084940e-04
0.336         	9.708112e-06	7.839154e-06	6.170239e-05
0.3365        	9.843188e-06	8.159621e-06	3.158606e-05
0.337         	9.989729e-06	8.504746e-06	4.653605e-05
0.3375        	1.013475e-05	8.901684e-06	2.156429e-04
0.338         	8.049627e-06	8.962591e-06	5.338011e-05
0.3385        	8.355090e-06	9.126378e-06	5.285467e-05
0.339         	8.727638e-06	9.214743e-06	6.358179e-05
0.3395        	9.116018e-06	9.326558e-06	4.725788e-05
0.34          	9.459590e-06	9.544738e-06	2.163942e-05
0.3405        	9.766631e-06	9.867820e-06	1.822170e-05
0.341         	1.009075e-05	1.023939e-05	2.729886e-05
0.3415        	7.691772e-06	7.503642e-06	1.943049e-05
0.342         	7.929613e-06	7.742294e-06	1.412997e-05
0.3425        	8.173938e-06	8.015972e-06	9.701074e-06
0.343         	8.428709e-06	8.332793e-06	8.846624e-06
0.3435        	8.710366e-06	8.669488e-06	1.111071e-05
0.344         	9.027287e-06	9.024005e-06	1.260418e-05
0.3445        	9.378267e-06	9.402304e-06	1.237719e-05
0.345         	9.749864e-06	9.812336e-06	1.118695e-05
0.3455        	1.014422e-05	1.025588e-05	1.184941e-05
0.346         	7.658356e-06	7.483636e-06	9.737638e-06
0.3465        	7.940096e-06	7.797795e-06	1.061815e-05
0.347         	8.247241e-06	8.137935e-06	9.778414e-06
0.3475        	8.570891e-06	8.505613e-06	8.530231e-06
0.348         	8.921850e-06	8.895133e-06	9.021088e-06
0.3485        	9.301790e-06	9.312054e-06	1.050047e-05
0.349         	9.716398e-06	9.755233e-06	1.121273e-05
0.3495        	1.017639e-05	1.023244e-05	1.238470e-05
0.35          	7.627529e-06	7.431313e-06	9.864180e-06
0.3505        	7.939129e-06	7.769722e-06	1.049461e-05
0.351         	8.277030e-06	8.130030e-06	1.017289e-05
0.3515        	8.637905e-06	8.515184e-06	9.607965e-06
0.352         	9.028166e-06	8.923947e-06	9.823545e-06
0.3525        	9.450791e-06	9.357390e-06	1.062192e-05
0.353         	9.910544e-06	9.822308e-06	1.114689e-05
0.3535        	1.040317e-05	1.032248e-05	1.117518e-05
0.354         	7.735266e-06	7.438357e-06	8.716458e-06
0.3545        	8.083124e-06	7.784293e-06	9.235050e-06
0.355         	8.456981e-06	8.156306e-06	8.886469e-06
0.3555        	8.853149e-06	8.552359e-06	8.507944e-06
0.356         	9.278771e-06	8.973850e-06	9.104158e-06
0.3565        	9.739887e-06	9.420226e-06	1.025676e-05
0.357         	1.023460e-05	9.891005e-06	2.438492e-04
0.3575        	8.147944e-06	9.981757e-06	7.324500e-05
0.358         	8.727562e-06	1.033441e-05	2.496439e-04
0.3585        	8.730171e-06	7.613855e-06	6.682835e-05
0.359         	9.170223e-06	7.924654e-06	1.991280e-05
0.3595        	9.557256e-06	8.358679e-06	4.940791e-05
0.36          	9.851716e-06	8.966477e-06	4.603855e-05
0.3605        	1.021128e-05	9.582846e-06	2.241925e-04
0.361         	8.075983e-06	9.633782e-06	7.868927e-05
0.3615        	8.689575e-06	9.894836e-06	6.124554e-05
0.362         	9.294933e-06	1.014400e-05	2.473466e-04
0.3625        	9.311187e-06	7.476153e-06	4.937047e-05
0.363         	9.677637e-06	7.857476e-06	3.174298e-05
0.3635        	9.991106e-06	8.361892e-06	5.331983e-05
0.364         	1.027911e-05	8.951326e-06	2.387163e-04
0.3645        	7.960242e-06	9.004741e-06	5.836877e-05
0.365         	8.488302e-06	9.227939e-06	5.954980e-05
0.3655        	9.066061e-06	9.360503e-06	6.659485e-05
0.366         	9.651363e-06	9.479891e-06	4.644332e-05
0.3665        	1.017117e-05	9.702876e-06	2.466346e-04
0.367         	7.995822e-06	9.558530e-06	6.419007e-05
0.3675        	8.488102e-06	9.689002e-06	6.920389e-05
0.368         	9.022848e-06	9.740619e-06	8.236565e-05
0.3685        	9.595566e-06	9.767923e-06	5.750834e-05
0.369         	1.008903e-05	9.912947e-06	2.450132e-04
0.3695        	7.909045e-06	9.681792e-06	5.703429e-05
0.37          	8.334059e-06	9.752768e-06	6.781985e-05
0.3705        	8.809077e-06	9.732739e-06	8.325524e-05
0.371         	9.326582e-06	9.638818e-06	5.860560e-05
0.3715        	9.754551e-06	9.663822e-06	2.259065e-05
0.372         	1.008665e-05	9.832551e-06	2.282881e-04
0.3725        	7.807477e-06	9.510686e-06	5.909859e-05
0.373         	8.204260e-06	9.444443e-06	7.017302e-05
0.3735        	8.638654e-06	9.291552e-06	7.425516e-05
0.374         	9.080283e-06	9.157136e-06	4.937453e-05
0.3745        	9.433805e-06	9.110038e-06	2.203656e-05
0.375         	9.714452e-06	9.153657e-06	2.540682e-05
0.3755        	9.994373e-06	9.250157e-06	3.049371e-05
0.376         	1.031102e-05	9.273054e-06	2.457782e-04
0.3765        	7.920321e-06	8.758554e-06	7.553908e-05
0.377         	8.272729e-06	8.653802e-06	5.485500e-05
0.3775        	8.644117e-06	8.489802e-06	6.962245e-05
0.378         	9.043828e-06	8.305594e-06	5.594159e-05
0.3785        	9.408858e-06	8.204350e-06	2.872230e-05
0.379         	9.712763e-06	8.232005e-06	1.930931e-05
0.3795        	1.000775e-05	8.312735e-06	2.312223e-04
0.38          	7.602655e-06	7.855005e-06	7.032325e-05
0.3805        	7.972617e-06	7.735086e-06	6.281808e-05
0.381         	8.361864e-06	7.579143e-06	6.921905e-05
0.3815        	8.767496e-06	7.432533e-06	5.011890e-05
0.382         	9.140446e-06	7.420875e-06	2.482886e-05
0.3825        	9.468597e-06	7.501131e-06	2.152939e-05
0.383         	9.823842e-06	7.621067e-06	2.643650e-05
0.3835        	1.021899e-05	7.765000e-06	2.503714e-04
0.384         	7.705081e-06	7.364031e-06	7.712144e-05
0.3845        	8.118970e-06	7.351757e-06	5.730660e-05
0.385         	8.553399e-06	7.349326e-06	7.088428e-05
0.3855        	9.031441e-06	7.323634e-06	5.619830e-05
0.386         	9.496882e-06	7.390446e-06	2.804181e-05
0.3865        	9.941616e-06	7.603327e-06	1.819010e-05
0.387         	1.039642e-05	7.876254e-06	2.498488e-04
0.3875        	7.787807e-06	7.620713e-06	7.646972e-05
0.388         	8.275747e-06	7.711910e-06	6.729297e-05
0.3885        	8.800705e-06	7.792133e-06	7.493354e-05
0.389         	9.353712e-06	7.887055e-06	5.469444e-05
0.3895        	9.893574e-06	8.096010e-06	2.636870e-05
0.39          	1.040921e-05	8.434714e-06	2.565315e-04
0.3905        	7.788308e-06	8.315954e-06	7.073618e-05
0.391         	8.310375e-06	8.503386e-06	7.399307e-05
0.3915        	8.881893e-06	8.659883e-06	8.314931e-05
0.392         	9.502349e-06	8.834163e-06	5.758839e-05
0.3925        	1.008481e-05	9.134990e-06	2.629745e-04
0.393         	7.584528e-06	9.093176e-06	6.660867e-05
0.3935        	8.107056e-06	9.367332e-06	7.414512e-05
0.394         	8.684044e-06	9.599759e-06	9.046869e-05
0.3945        	9.314751e-06	9.818264e-06	6.412697e-05
0.395         	9.915283e-06	1.015515e-05	2.515116e-04
0.3955        	9.991866e-06	7.479893e-06	8.394140e-05
0.396         	1.034596e-05	8.072411e-06	2.587083e-04
0.3965        	7.586935e-06	8.110340e-06	6.524295e-05
0.397         	7.979421e-06	8.529357e-06	2.261176e-05
0.3975        	8.427959e-06	8.873358e-06	5.716788e-05
0.398         	8.986674e-06	9.140154e-06	5.604866e-05
0.3985        	9.565362e-06	9.456026e-06	3.283552e-05
0.399         	1.009596e-05	9.901479e-06	2.646541e-04
0.3995        	7.554034e-06	9.957882e-06	6.998472e-05
0.4           	8.101435e-06	1.028387e-05	2.757639e-04
0.4005        	8.215683e-06	7.291217e-06	7.107918e-05
0.401         	8.658210e-06	7.598416e-06	2.823003e-05
0.4015        	9.029538e-06	8.023618e-06	5.636026e-05
0.402         	9.310898e-06	8.625803e-06	4.958710e-05
0.4025        	9.659387e-06	9.210938e-06	2.795156e-05
0.403         	1.013737e-05	9.681274e-06	2.700838e-04
0.4035        	7.614447e-06	9.631320e-06	1.020473e-04
0.404         	8.153737e-06	9.938644e-06	5.372465e-05
0.4045        	8.682565e-06	1.027195e-05	2.766878e-04
0.405         	8.789019e-06	7.315506e-06	5.710458e-05
0.4055        	9.182975e-06	7.700595e-06	3.141346e-05
0.406         	9.501712e-06	8.206055e-06	6.159001e-05
0.4065        	9.773099e-06	8.836953e-06	4.797792e-05
0.407         	1.012611e-05	9.420530e-06	2.515679e-04
0.4075        	7.528964e-06	9.432393e-06	9.614652e-05
0.408         	8.087009e-06	9.708499e-06	6.682933e-05
0.4085        	8.644734e-06	1.000167e-05	2.591699e-04
0.409         	8.733314e-06	7.131969e-06	5.214408e-05
0.4095        	9.094812e-06	7.544574e-06	3.023400e-05
0.41          	9.406748e-06	8.057025e-06	5.517918e-05
0.4105        	9.696244e-06	8.662999e-06	4.165230e-05
0.411         	1.006470e-05	9.228062e-06	2.559490e-04
0.4115        	7.483026e-06	9.252564e-06	9.457442e-05
0.412         	8.039539e-06	9.534565e-06	6.566402e-05
0.4125        	8.601865e-06	9.837819e-06	6.891593e-05
0.413         	9.194653e-06	1.016413e-05	2.587064e-04
0.4135        	9.262343e-06	7.295349e-06	5.665412e-05
0.414         	9.602992e-06	7.800590e-06	4.297353e-05
0.4145        	9.919924e-06	8.383705e-06	5.755537e-05
0.415         	1.023858e-05	9.011969e-06	2.656103e-04
0.4155        	7.525394e-06	9.112187e-06	7.345562e-05
0.416         	8.067930e-06	9.424584e-06	6.742178e-05
0.4165        	8.672961e-06	9.696638e-06	7.622056e-05
0.417         	9.303265e-06	9.984861e-06	5.633135e-05
0.4175        	9.900373e-06	1.038497e-05	2.650062e-04
0.418         	9.915510e-06	7.564122e-06	8.045921e-05
0.4185        	1.026830e-05	8.125375e-06	2.689820e-04
0.419         	7.508019e-06	8.180564e-06	7.148089e-05
0.4195        	7.901614e-06	8.605469e-06	2.126463e-05
0.42          	8.367595e-06	8.976959e-06	6.156303e-05
0.4205        	8.972613e-06	9.244912e-06	6.160975e-05
0.421         	9.594371e-06	9.559803e-06	3.565570e-05
0.4215        	1.013977e-05	1.000055e-05	1.764450e-05
0.422         	7.016403e-06	6.848311e-06	1.960582e-05
0.4225        	7.374485e-06	7.168315e-06	2.454560e-05
0.423         	7.807891e-06	7.472893e-06	2.079226e-05
0.4235        	8.263636e-06	7.811748e-06	1.317356e-05
0.424         	8.710288e-06	8.202023e-06	7.884610e-06
0.4245        	9.179605e-06	8.610673e-06	1.227750e-05
0.425         	9.689254e-06	9.015575e-06	1.556197e-05
0.4255        	1.023942e-05	9.426523e-06	2.800608e-04
0.426         	7.634101e-06	9.397506e-06	8.812535e-05
0.4265        	8.217219e-06	9.676306e-06	6.627096e-05
0.427         	8.836226e-06	9.938123e-06	8.470470e-05
0.4275        	9.521693e-06	1.018870e-05	2.697820e-04
0.428         	9.617089e-06	7.317675e-06	5.783877e-05
0.4285        	9.997538e-06	7.813264e-06	5.278855e-05
0.429         	1.034392e-05	8.383052e-06	2.812586e-04
0.4295        	7.490328e-06	8.472098e-06	5.174417e-05
0.43          	7.962765e-06	8.803641e-06	5.562181e-05
0.4305        	8.557649e-06	9.038671e-06	7.868261e-05
0.431         	9.229128e-06	9.254146e-06	5.951122e-05
0.4315        	9.849117e-06	9.576649e-06	2.334675e-05
0.432         	1.040855e-05	1.002062e-05	2.572445e-05
0.4325        	7.153070e-06	6.844984e-06	2.533803e-05
0.433         	7.557780e-06	7.132769e-06	2.476469e-05
0.4335        	8.008276e-06	7.425535e-06	1.717643e-05
0.434         	8.460630e-06	7.765816e-06	1.025555e-05
0.4345        	8.922066e-06	8.143871e-06	1.119616e-05
0.435         	9.420932e-06	8.521094e-06	1.465930e-05
0.4355        	9.965828e-06	8.883722e-06	1.491165e-05
0.436         	1.054197e-05	9.268793e-06	2.923513e-04
0.4365        	7.779643e-06	9.163799e-06	8.858047e-05
0.437         	8.366857e-06	9.382268e-06	6.819081e-05
0.4375        	8.986449e-06	9.584800e-06	8.734784e-05
0.438         	9.669991e-06	9.746271e-06	6.886961e-05
0.4385        	1.032185e-05	1.000237e-05	1.072094e-05
0.439         	7.107445e-06	6.793696e-06	1.452325e-05
0.4395        	7.468897e-06	7.066685e-06	2.631444e-05
0.44          	7.879794e-06	7.329747e-06	2.406368e-05
0.4405        	8.326806e-06	7.585609e-06	1.442294e-05
0.441         	8.777564e-06	7.880900e-06	9.389967e-06
0.4415        	9.240583e-06	8.194234e-06	1.320918e-05
0.442         	9.733668e-06	8.505903e-06	1.499814e-05
0.4425        	1.027023e-05	8.820221e-06	2.796830e-04
0.443         	7.550597e-06	8.639527e-06	8.856682e-05
0.4435        	8.103019e-06	8.769277e-06	6.567060e-05
0.444         	8.673458e-06	8.896080e-06	8.161866e-05
0.4445        	9.294893e-06	8.984815e-06	6.530200e-05
0.445         	9.886108e-06	9.151813e-06	3.173602e-05
0.4455        	1.042502e-05	9.443301e-06	2.715757e-04
0.446         	7.659285e-06	9.281372e-06	7.671732e-05
0.4465        	8.217640e-06	9.400839e-06	8.289792e-05
0.447         	8.821597e-06	9.468782e-06	9.171322e-05
0.4475        	9.465666e-06	9.549068e-06	6.304224e-05
0.448         	1.003832e-05	9.732800e-06	2.729570e-04
0.4485        	7.424505e-06	9.552138e-06	6.966859e-05
0.449         	7.931862e-06	9.698089e-06	7.995248e-05
0.4495        	8.511761e-06	9.752592e-06	9.692466e-05
0.45          	9.150999e-06	9.791195e-06	6.765945e-05
0.4505        	9.732336e-06	9.978922e-06	2.431265e-05
0.451         	1.023644e-05	1.027723e-05	3.089994e-05
0.4515        	6.982594e-06	7.023824e-06	2.998692e-05
0.452         	7.321264e-06	7.202640e-06	2.667500e-05
0.4525        	7.722769e-06	7.397930e-06	1.750620e-05
0.453         	8.134476e-06	7.624682e-06	1.306569e-05
0.4535        	8.547223e-06	7.892211e-06	1.389465e-05
0.454         	8.990033e-06	8.185329e-06	1.636466e-05
0.4545        	9.478823e-06	8.451246e-06	1.607371e-05
0.455         	9.993400e-06	8.719207e-06	1.431313e-05
0.4555        	1.053145e-05	9.029939e-06	2.923326e-04
0.456         	7.720002e-06	8.848279e-06	8.667563e-05
0.4565        	8.288947e-06	8.978942e-06	6.967040e-05
0.457         	8.903093e-06	9.085198e-06	8.741353e-05
0.4575        	9.574610e-06	9.181908e-06	6.814303e-05
0.458         	1.021666e-05	9.376748e-06	2.857602e-04
0.4585        	7.550817e-06	9.209345e-06	7.608501e-05
0.459         	8.101052e-06	9.394747e-06	7.868417e-05
0.4595        	8.723726e-06	9.500632e-06	9.938323e-05
0.46          	9.422795e-06	9.589597e-06	7.180849e-05
0.4605        	1.007691e-05	9.811291e-06	2.807029e-04
0.461         	7.495312e-06	9.698400e-06	6.755548e-05
0.4615        	8.062279e-06	9.921498e-06	7.802653e-05
0.462         	8.705435e-06	1.007456e-05	3.027393e-04
0.4625        	8.856140e-06	7.152701e-06	5.345267e-05
0.463         	9.303850e-06	7.477199e-06	4.374785e-05
0.4635        	9.641385e-06	7.985964e-06	7.336324e-05
0.464         	9.961075e-06	8.587577e-06	5.433798e-05
0.4645        	1.043666e-05	9.110389e-06	2.687560e-04
0.465         	7.722049e-06	8.939161e-06	1.018353e-04
0.4655        	8.387961e-06	9.128740e-06	6.234109e-05
0.466         	9.046918e-06	9.365470e-06	6.488362e-05
0.4665        	9.742304e-06	9.615726e-06	5.767389e-05
0.467         	1.044937e-05	9.925982e-06	2.897578e-04
0.4675        	7.825417e-06	9.773648e-06	8.769005e-05
0.468         	8.482013e-06	1.004219e-05	3.010887e-04
0.4685        	8.547082e-06	7.214873e-06	8.699579e-05
0.469         	9.121315e-06	7.520566e-06	2.428624e-05
0.4695        	9.621650e-06	7.949340e-06	5.625149e-05
0.47          	1.001032e-05	8.586767e-06	2.679341e-04
0.4705        	7.287315e-06	8.629040e-06	5.150261e-05
0.471         	7.902830e-06	8.894303e-06	7.702939e-05
0.4715        	8.624629e-06	9.076083e-06	8.420373e-05
0.472         	9.369920e-06	9.316146e-06	5.300015e-05
0.4725        	1.003857e-05	9.733189e-06	2.785593e-04
0.473         	7.506567e-06	9.683435e-06	7.002611e-05
0.4735        	8.175600e-06	9.994223e-06	8.238235e-05
0.474         	8.913759e-06	1.022114e-05	2.990108e-04
0.4745        	9.049844e-06	7.320963e-06	4.802340e-05
0.475         	9.529546e-06	7.737935e-06	4.365463e-05
0.4755        	9.906461e-06	8.330985e-06	6.897769e-05
0.476         	1.027031e-05	9.001091e-06	2.581718e-04
0.4765        	7.516162e-06	8.897180e-06	6.960395e-05
0.477         	8.159247e-06	9.048774e-06	7.019586e-05
0.4775        	8.844500e-06	9.146110e-06	7.158446e-05
0.478         	9.526531e-06	9.256908e-06	4.867986e-05
0.4785        	1.013904e-05	9.471531e-06	2.768678e-04
0.479         	7.536630e-06	9.167299e-06	7.703759e-05
0.4795        	8.120509e-06	9.240111e-06	7.958301e-05
0.48          	8.757322e-06	9.248291e-06	9.223451e-05
0.4805        	9.435359e-06	9.234794e-06	6.470536e-05
0.481         	1.003632e-05	9.343117e-06	2.757612e-04
0.4815        	7.436533e-06	8.941900e-06	6.797877e-05
0.482         	7.943693e-06	8.958848e-06	7.769345e-05
0.4825        	8.508685e-06	8.912954e-06	9.432066e-05
0.483         	9.129433e-06	8.810750e-06	6.662689e-05
0.4835        	9.674327e-06	8.847337e-06	2.510126e-05
0.484         	1.015028e-05	9.057818e-06	2.585041e-04
0.4845        	7.441531e-06	8.622624e-06	7.057102e-05
0.485         	7.961028e-06	8.555795e-06	8.069679e-05
0.4855        	8.510193e-06	8.439407e-06	8.521012e-05
0.486         	9.081627e-06	8.354074e-06	5.703221e-05
0.4865        	9.589081e-06	8.415490e-06	2.390243e-05
0.487         	1.005762e-05	8.591134e-06	2.560998e-04
0.4875        	7.350975e-06	8.148994e-06	7.515080e-05
0.488         	7.862834e-06	8.077710e-06	7.823951e-05
0.4885        	8.406712e-06	7.973218e-06	8.280801e-05
0.489         	8.966663e-06	7.922753e-06	5.661959e-05
0.4895        	9.475173e-06	7.987415e-06	2.551503e-05
0.49          	9.948398e-06	8.176570e-06	2.380862e-05
0.4905        	1.044885e-05	8.418573e-06	2.670148e-04
0.491         	7.619484e-06	7.945429e-06	8.720146e-05
0.4915        	8.167492e-06	7.906001e-06	7.185096e-05
0.492         	8.729087e-06	7.891653e-06	7.943974e-05
0.4925        	9.312730e-06	7.880504e-06	6.007215e-05
0.493         	9.866182e-06	7.982101e-06	3.070465e-05
0.4935        	1.039482e-05	8.211664e-06	2.729094e-04
0.494         	7.534939e-06	7.826098e-06	7.779498e-05
0.4945        	8.079209e-06	7.848064e-06	8.053998e-05
0.495         	8.682823e-06	7.823499e-06	8.896820e-05
0.4955        	9.310939e-06	7.828782e-06	6.191238e-05
0.496         	9.875263e-06	7.965451e-06	2.638803e-05
0.4965        	1.040441e-05	8.241369e-06	2.697824e-04
0.497         	7.523591e-06	7.924483e-06	7.839478e-05
0.4975        	8.090676e-06	7.969945e-06	8.262532e-05
0.498         	8.713936e-06	7.999213e-06	8.896507e-05
0.4985        	9.361189e-06	8.064674e-06	6.073783e-05
0.499         	9.947936e-06	8.267898e-06	2.602539e-05
0.4995        	1.049232e-05	8.607636e-06	2.719698e-04
0.5           	7.590460e-06	8.341823e-06	8.060233e-05
0.5005        	8.168501e-06	8.475443e-06	8.365212e-05
0.501         	8.808045e-06	8.569466e-06	8.997541e-05
0.5015        	9.484702e-06	8.695930e-06	6.180914e-05
0.502         	1.010578e-05	8.972864e-06	2.796028e-04
0.5025        	7.365607e-06	8.791484e-06	7.410325e-05
0.503         	7.904628e-06	9.011561e-06	8.253986e-05
0.5035        	8.530729e-06	9.175865e-06	9.721389e-05
0.504         	9.212942e-06	9.346674e-06	6.816447e-05
0.5045        	9.840271e-06	9.651010e-06	2.682486e-05
0.505         	1.041002e-05	1.012443e-05	2.741133e-05
0.5055        	7.021326e-06	6.886459e-06	2.741008e-05
0.506         	7.416849e-06	7.205571e-06	2.685051e-05
0.5065        	7.860404e-06	7.508868e-06	1.960021e-05
0.507         	8.308741e-06	7.866372e-06	1.152516e-05
0.5075        	8.757927e-06	8.285774e-06	1.020592e-05
0.508         	9.228766e-06	8.699927e-06	1.642383e-05
0.5085        	9.751038e-06	9.108486e-06	1.922089e-05
0.509         	1.031465e-05	9.529993e-06	2.913526e-04
0.5095        	7.512554e-06	9.376469e-06	8.934575e-05
0.51          	8.096306e-06	9.632454e-06	7.128916e-05
0.5105        	8.726274e-06	9.868577e-06	8.873605e-05
0.511         	9.405258e-06	1.010789e-05	2.729114e-04
0.5115        	9.514660e-06	7.289498e-06	5.526478e-05
0.512         	9.901182e-06	7.806102e-06	4.826928e-05
0.5125        	1.026324e-05	8.406100e-06	2.853077e-04
0.513         	7.272971e-06	8.427274e-06	5.443391e-05
0.5135        	7.739590e-06	8.753646e-06	5.959758e-05
0.514         	8.334729e-06	8.992471e-06	8.181270e-05
0.5145        	8.995717e-06	9.218506e-06	6.219128e-05
0.515         	9.605161e-06	9.581027e-06	2.629489e-05
0.5155        	1.015574e-05	1.007389e-05	2.448125e-05
0.516         	6.851108e-06	6.852140e-06	2.551148e-05
0.5165        	7.255583e-06	7.171380e-06	2.661371e-05
0.517         	7.713100e-06	7.499447e-06	1.957918e-05
0.5175        	8.166477e-06	7.886864e-06	1.025097e-05
0.518         	8.618994e-06	8.326274e-06	9.926012e-06
0.5185        	9.104486e-06	8.779600e-06	1.613870e-05
0.519         	9.636999e-06	9.210211e-06	1.839552e-05
0.5195        	1.020473e-05	9.654510e-06	2.891603e-04
0.52          	7.441673e-06	9.581618e-06	8.884580e-05
0.5205        	8.052830e-06	9.876423e-06	7.096893e-05
0.521         	8.703537e-06	1.015077e-05	2.943485e-04
0.5215        	8.875827e-06	7.212230e-06	5.103746e-05
0.522         	9.335174e-06	7.624294e-06	3.757174e-05
0.5225        	9.703772e-06	8.167088e-06	6.418016e-05
0.523         	1.003972e-05	8.799421e-06	2.605811e-04
0.5235        	7.177630e-06	8.807445e-06	7.258380e-05
0.524         	7.763874e-06	9.043372e-06	7.689610e-05
0.5245        	8.424527e-06	9.250393e-06	7.819563e-05
0.525         	9.101712e-06	9.505747e-06	5.276478e-05
0.5255        	9.719440e-06	9.892192e-06	2.534602e-05
0.526         	1.031065e-05	1.036810e-05	2.461588e-05
0.5265        	6.982756e-06	7.015250e-06	2.386076e-05
0.527         	7.404070e-06	7.322786e-06	2.125929e-05
0.5275        	7.864345e-06	7.665931e-06	1.366421e-05
0.528         	8.327557e-06	8.072461e-06	7.893010e-06
0.5285        	8.809394e-06	8.514135e-06	1.019025e-05
0.529         	9.337773e-06	8.974506e-06	1.422472e-05
0.5295        	9.913933e-06	9.443037e-06	1.545211e-05
0.53          	1.050876e-05	9.929116e-06	2.966493e-04
0.5305        	7.685430e-06	9.896060e-06	9.131396e-05
0.531         	8.334886e-06	1.023976e-05	2.906361e-04
0.5315        	8.449542e-06	7.301841e-06	7.640262e-05
0.532         	8.982477e-06	7.667803e-06	2.566228e-05
0.5325        	9.476966e-06	8.130164e-06	5.617184e-05
0.533         	9.865892e-06	8.762909e-06	5.037238e-05
0.5335        	1.031395e-05	9.377721e-06	2.619867e-04
0.534         	7.500410e-06	9.299352e-06	9.955420e-05
0.5345        	8.173253e-06	9.514763e-06	7.718078e-05
0.535         	8.841990e-06	9.782864e-06	7.256582e-05
0.5355        	9.527119e-06	1.008308e-05	2.794545e-04
0.536         	9.640283e-06	7.283391e-06	6.531632e-05
0.5365        	1.006194e-05	7.786985e-06	2.789594e-04
0.537         	7.174709e-06	7.769383e-06	6.639015e-05
0.5375        	7.560635e-06	8.137029e-06	2.808886e-05
0.538         	8.037015e-06	8.407354e-06	6.882829e-05
0.5385        	8.662028e-06	8.583408e-06	6.453607e-05
0.539         	9.270416e-06	8.818145e-06	3.526501e-05
0.5395        	9.802889e-06	9.189888e-06	1.019175e-05
0.54          	1.031042e-05	9.622905e-06	2.642080e-04
0.5405        	7.528161e-06	9.452596e-06	9.158065e-05
0.541         	8.146730e-06	9.554569e-06	8.227030e-05
0.5415        	8.780245e-06	9.656473e-06	8.314296e-05
0.542         	9.432308e-06	9.790168e-06	5.982287e-05
0.5425        	1.002248e-05	1.004438e-05	1.240070e-05
0.543         	6.807895e-06	6.771471e-06	1.903654e-05
0.5435        	7.147152e-06	7.009655e-06	2.477167e-05
0.544         	7.533013e-06	7.218105e-06	2.044948e-05
0.5445        	7.944402e-06	7.420311e-06	1.221796e-05
0.545         	8.349544e-06	7.655644e-06	9.709959e-06
0.5455        	8.769226e-06	7.913973e-06	1.290342e-05
0.546         	9.200413e-06	8.186394e-06	1.483431e-05
0.5465        	9.677531e-06	8.448158e-06	1.439721e-05
0.547         	1.019071e-05	8.724938e-06	2.850028e-04
0.5475        	7.394577e-06	8.467361e-06	8.731235e-05
0.548         	7.917200e-06	8.525526e-06	6.955107e-05
0.5485        	8.468475e-06	8.573799e-06	8.606825e-05
0.549         	9.076937e-06	8.585318e-06	6.746735e-05
0.5495        	9.630855e-06	8.708901e-06	3.261248e-05
0.55          	1.013716e-05	8.955521e-06	2.659076e-04
0.5505        	7.346821e-06	8.754485e-06	7.767584e-05
0.551         	7.872069e-06	8.793817e-06	8.486886e-05
0.5515        	8.445215e-06	8.789128e-06	9.151402e-05
0.552         	9.038526e-06	8.820014e-06	6.183328e-05
0.5525        	9.575469e-06	8.953960e-06	2.612460e-05
0.553         	1.005514e-05	9.197665e-06	2.567689e-04
0.5535        	7.303037e-06	8.947388e-06	7.789964e-05
0.554         	7.818995e-06	9.007075e-06	8.291479e-05
0.5545        	8.375597e-06	8.987678e-06	8.751148e-05
0.555         	8.955433e-06	8.978031e-06	5.911971e-05
0.5555        	9.465323e-06	9.108125e-06	2.584485e-05
0.556         	9.937047e-06	9.318198e-06	2.680691e-05
0.5565        	1.040379e-05	9.565063e-06	2.639482e-04
0.557         	7.571471e-06	9.236215e-06	9.017515e-05
0.5575        	8.099400e-06	9.240636e-06	7.445541e-05
0.558         	8.631402e-06	9.226745e-06	8.137414e-05
0.5585        	9.201855e-06	9.220898e-06	6.127573e-05
0.559         	9.720235e-06	9.336432e-06	3.177132e-05
0.5595        	1.019151e-05	9.489120e-06	2.656164e-04
0.56          	7.393608e-06	9.164403e-06	7.977051e-05
0.5605        	7.885977e-06	9.198707e-06	8.141712e-05
0.561         	8.414846e-06	9.165918e-06	8.928284e-05
0.5615        	8.979436e-06	9.157349e-06	6.220853e-05
0.562         	9.480631e-06	9.260030e-06	2.649910e-05
0.5625        	9.943821e-06	9.462465e-06	2.618633e-05
0.563         	1.041184e-05	9.711413e-06	2.642599e-04
0.5635        	7.561015e-06	9.389336e-06	9.045531e-05
0.564         	8.084679e-06	9.401257e-06	7.547152e-05
0.5645        	8.619108e-06	9.425658e-06	8.157439e-05
0.565         	9.184257e-06	9.443237e-06	6.051073e-05
0.5655        	9.714718e-06	9.573413e-06	3.149983e-05
0.566         	1.021035e-05	9.773398e-06	2.674097e-04
0.5665        	7.413833e-06	9.464135e-06	8.022209e-05
0.567         	7.918317e-06	9.489269e-06	8.174924e-05
0.5675        	8.462017e-06	9.454485e-06	8.988319e-05
0.568         	9.039390e-06	9.426766e-06	6.194806e-05
0.5685        	9.550140e-06	9.541000e-06	2.647841e-05
0.569         	1.001815e-05	9.708988e-06	2.582672e-04
0.5695        	7.271053e-06	9.373919e-06	7.873085e-05
0.57          	7.777217e-06	9.387909e-06	8.212791e-05
0.5705        	8.319209e-06	9.311574e-06	8.770255e-05
0.571         	8.866432e-06	9.261646e-06	5.945150e-05
0.5715        	9.346995e-06	9.344028e-06	2.506509e-05
0.572         	9.801332e-06	9.519539e-06	2.735698e-05
0.5725        	1.026130e-05	9.720100e-06	2.620736e-04
0.573         	7.463125e-06	9.343046e-06	8.968736e-05
0.5735        	7.982384e-06	9.342105e-06	7.401128e-05
0.574         	8.521222e-06	9.316089e-06	8.073267e-05
0.5745        	9.094203e-06	9.293935e-06	6.021071e-05
0.575         	9.621069e-06	9.428259e-06	3.067908e-05
0.5755        	1.011314e-05	9.636040e-06	2.658184e-04
0.576         	7.358157e-06	9.368911e-06	8.037883e-05
0.5765        	7.896219e-06	9.436925e-06	8.114460e-05
0.577         	8.488599e-06	9.505136e-06	8.902355e-05
0.5775        	9.111514e-06	9.593381e-06	6.169668e-05
0.578         	9.669948e-06	9.792484e-06	2.592664e-05
0.5785        	1.019570e-05	1.015232e-05	2.622923e-05
0.579         	6.840309e-06	6.801306e-06	2.655722e-05
0.5795        	7.217061e-06	7.022001e-06	2.388053e-05
0.58          	7.634021e-06	7.239227e-06	1.470135e-05
0.5805        	8.058615e-06	7.521829e-06	1.048446e-05
0.581         	8.498779e-06	7.829843e-06	1.298096e-05
0.5815        	8.956940e-06	8.148863e-06	1.590340e-05
0.582         	9.451067e-06	8.465167e-06	1.526600e-05
0.5825        	9.986840e-06	8.783090e-06	1.457420e-05
0.583         	1.056490e-05	9.117388e-06	2.968023e-04
0.5835        	7.662422e-06	8.856260e-06	9.062956e-05
0.584         	8.250157e-06	8.994528e-06	7.444417e-05
0.5845        	8.869306e-06	9.091608e-06	8.999590e-05
0.585         	9.532987e-06	9.171740e-06	6.847893e-05
0.5855        	1.015635e-05	9.375679e-06	2.884357e-04
0.586         	7.408774e-06	9.097423e-06	8.102586e-05
0.5865        	7.963778e-06	9.206498e-06	8.558438e-05
0.587         	8.577754e-06	9.282798e-06	1.016416e-04
0.5875        	9.238110e-06	9.311753e-06	7.154434e-05
0.588         	9.835808e-06	9.464086e-06	2.727501e-05
0.5885        	1.036039e-05	9.790057e-06	2.675102e-04
0.589         	7.520494e-06	9.467785e-06	8.051970e-05
0.5895        	8.096039e-06	9.488813e-06	8.905294e-05
0.59          	8.703312e-06	9.517644e-06	9.162068e-05
0.5905        	9.333190e-06	9.519236e-06	6.034751e-05
0.591         	9.895192e-06	9.641254e-06	2.561805e-05
0.5915        	1.040077e-05	9.866814e-06	2.672057e-04
0.592         	7.541511e-06	9.448334e-06	8.563906e-05
0.5925        	8.069494e-06	9.412028e-06	8.700134e-05
0.593         	8.644975e-06	9.322984e-06	8.932496e-05
0.5935        	9.239796e-06	9.252469e-06	6.069885e-05
0.594         	9.758311e-06	9.279220e-06	2.829696e-05
0.5945        	1.022805e-05	9.410282e-06	2.640283e-04
0.595         	7.385845e-06	8.941873e-06	8.470466e-05
0.5955        	7.880114e-06	8.811003e-06	8.548589e-05
0.596         	8.419788e-06	8.654143e-06	8.823608e-05
0.5965        	8.961003e-06	8.554801e-06	6.029772e-05
0.597         	9.439759e-06	8.532751e-06	2.814300e-05
0.5975        	9.893487e-06	8.611818e-06	2.843208e-05
0.598         	1.035420e-05	8.757558e-06	2.673337e-04
0.5985        	7.457016e-06	8.203006e-06	9.380491e-05
0.599         	7.941142e-06	8.066760e-06	7.675092e-05
0.5995        	8.448064e-06	7.986733e-06	8.293862e-05
0.6           	8.984838e-06	7.883840e-06	6.254336e-05
