# Force coefficients
# liftDir     : (0.000000e+00 1.000000e+00 0.000000e+00)
# dragDir     : (1.000000e+00 0.000000e+00 0.000000e+00)
# pitchAxis   : (0.000000e+00 0.000000e+00 1.000000e+00)
# magUInf     : 3.000000e+01
# lRef        : 1.000000e+00
# Aref        : 1.000000e+00
# CofR        : (0.000000e+00 0.000000e+00 0.000000e+00)
# Time        	Cm            	Cd            	Cl            	Cl(f)         	Cl(r)         
0             	-3.288325e-04	1.782970e-02	3.513332e-05	-3.112658e-04	3.463992e-04
0.0005        	9.457966e-01	1.337874e+00	3.793669e-01	1.135480e+00	-7.561131e-01
0.001         	6.678140e-01	8.529055e-01	3.561576e-01	8.458928e-01	-4.897352e-01
0.0015        	1.317355e-01	1.463877e-03	2.481239e-01	2.557974e-01	-7.673526e-03
0.002         	-1.125341e-01	-4.146032e-01	2.356109e-01	5.271341e-03	2.303395e-01
0.0025        	-5.194007e-02	-3.261627e-01	2.486456e-01	7.238275e-02	1.762629e-01
0.003         	9.088393e-02	-5.040901e-02	2.102719e-01	1.960199e-01	1.425200e-02
0.0035        	1.810276e-01	1.341230e-01	1.725771e-01	2.673161e-01	-9.473905e-02
0.004         	1.849429e-01	1.506027e-01	1.639589e-01	2.669224e-01	-1.029634e-01
0.0045        	1.515631e-01	7.431353e-02	1.915256e-01	2.473259e-01	-5.580032e-02
0.005         	1.248526e-01	2.192490e-03	2.248623e-01	2.372838e-01	-1.242142e-02
0.0055        	1.164717e-01	-2.170584e-02	2.334341e-01	2.331887e-01	2.453815e-04
0.006         	1.185905e-01	-7.371056e-03	2.147178e-01	2.259494e-01	-1.123163e-02
0.0065        	1.221302e-01	1.670624e-02	1.887988e-01	2.165296e-01	-2.773083e-02
0.007         	1.244778e-01	3.019427e-02	1.773863e-01	2.131710e-01	-3.578471e-02
0.0075        	1.258909e-01	2.980684e-02	1.839667e-01	2.178743e-01	-3.390752e-02
0.008         	1.277217e-01	2.238971e-02	1.997100e-01	2.275767e-01	-2.786667e-02
0.0085        	1.283901e-01	1.582920e-02	2.098159e-01	2.332981e-01	-2.348215e-02
0.009         	1.272906e-01	1.373782e-02	2.090873e-01	2.318342e-01	-2.274695e-02
0.0095        	1.252561e-01	1.517204e-02	2.019138e-01	2.262130e-01	-2.429924e-02
0.01          	1.239248e-01	1.759796e-02	1.961200e-01	2.219848e-01	-2.586487e-02
0.0105        	1.242957e-01	1.892040e-02	1.962414e-01	2.224164e-01	-2.617496e-02
0.011         	1.259329e-01	1.869961e-02	2.010662e-01	2.264660e-01	-2.539986e-02
0.0115        	1.280034e-01	1.760109e-02	2.072998e-01	2.316533e-01	-2.435356e-02
0.012         	1.293960e-01	1.669370e-02	2.113077e-01	2.350498e-01	-2.374211e-02
0.0125        	1.299056e-01	1.644105e-02	2.125125e-01	2.361619e-01	-2.364939e-02
0.013         	1.300970e-01	1.670886e-02	2.126392e-01	2.364166e-01	-2.377744e-02
0.0135        	1.304125e-01	1.709414e-02	2.132930e-01	2.370590e-01	-2.376601e-02
0.014         	1.310745e-01	1.724655e-02	2.151981e-01	2.386736e-01	-2.347543e-02
0.0145        	1.319899e-01	1.712275e-02	2.179770e-01	2.409784e-01	-2.300140e-02
0.015         	1.329804e-01	1.686067e-02	2.209378e-01	2.434493e-01	-2.251148e-02
0.0155        	1.337884e-01	1.666676e-02	2.233104e-01	2.454436e-01	-2.213319e-02
0.016         	1.343920e-01	1.663363e-02	2.250128e-01	2.468983e-01	-2.188557e-02
0.0165        	1.350003e-01	1.671981e-02	2.265791e-01	2.482898e-01	-2.171075e-02
0.017         	1.357153e-01	1.682643e-02	2.283548e-01	2.498927e-01	-2.153785e-02
0.0175        	1.365409e-01	1.687294e-02	2.304342e-01	2.517580e-01	-2.132384e-02
0.018         	1.374286e-01	1.684666e-02	2.327280e-01	2.537926e-01	-2.106463e-02
0.0185        	1.383009e-01	1.678547e-02	2.350399e-01	2.558208e-01	-2.078096e-02
0.019         	1.390787e-01	1.674251e-02	2.371584e-01	2.576579e-01	-2.049950e-02
0.0195        	1.397850e-01	1.674436e-02	2.390928e-01	2.593314e-01	-2.023854e-02
0.02          	1.404767e-01	1.678231e-02	2.409492e-01	2.609513e-01	-2.000210e-02
0.0205        	1.411962e-01	1.682878e-02	2.428267e-01	2.626095e-01	-1.978286e-02
0.021         	1.419440e-01	1.685904e-02	2.447543e-01	2.643211e-01	-1.956684e-02
0.0215        	1.427010e-01	1.686631e-02	2.467201e-01	2.660611e-01	-1.934094e-02
0.022         	1.434237e-01	1.685778e-02	2.486533e-01	2.677503e-01	-1.909705e-02
0.0225        	1.440956e-01	1.684776e-02	2.505201e-01	2.693557e-01	-1.883555e-02
0.023         	1.447326e-01	1.684640e-02	2.523395e-01	2.709023e-01	-1.856286e-02
0.0235        	1.453497e-01	1.685421e-02	2.541227e-01	2.724111e-01	-1.828836e-02
0.024         	1.459677e-01	1.686549e-02	2.558966e-01	2.739160e-01	-1.801941e-02
0.0245        	1.465976e-01	1.687367e-02	2.576763e-01	2.754358e-01	-1.775947e-02
0.025         	1.472403e-01	1.687514e-02	2.594658e-01	2.769732e-01	-1.750736e-02
0.0255        	1.478911e-01	1.687068e-02	2.612623e-01	2.785222e-01	-1.725997e-02
0.026         	1.485456e-01	1.686348e-02	2.630634e-01	2.800773e-01	-1.701386e-02
0.0265        	1.491953e-01	1.685629e-02	2.648548e-01	2.816227e-01	-1.676786e-02
0.027         	1.498416e-01	1.685081e-02	2.666379e-01	2.831606e-01	-1.652268e-02
0.0275        	1.504900e-01	1.684748e-02	2.684185e-01	2.846992e-01	-1.628073e-02
0.028         	1.511417e-01	1.684525e-02	2.701963e-01	2.862398e-01	-1.604349e-02
0.0285        	1.517960e-01	1.684316e-02	2.719689e-01	2.877805e-01	-1.581158e-02
0.029         	1.524470e-01	1.683999e-02	2.737268e-01	2.893104e-01	-1.558360e-02
0.0295        	1.530919e-01	1.683591e-02	2.754681e-01	2.908260e-01	-1.535787e-02
0.03          	1.537262e-01	1.683089e-02	2.771883e-01	2.923204e-01	-1.513205e-02
0.0305        	1.543492e-01	1.682550e-02	2.788884e-01	2.937934e-01	-1.490499e-02
0.031         	1.549593e-01	1.681976e-02	2.805673e-01	2.952429e-01	-1.467563e-02
0.0315        	1.555563e-01	1.681374e-02	2.822246e-01	2.966686e-01	-1.444406e-02
0.032         	1.561389e-01	1.680698e-02	2.838573e-01	2.980675e-01	-1.421018e-02
0.0325        	1.567066e-01	1.679922e-02	2.854644e-01	2.994388e-01	-1.397438e-02
0.033         	1.572582e-01	1.679001e-02	2.870434e-01	3.007799e-01	-1.373647e-02
0.0335        	1.577935e-01	1.677925e-02	2.885941e-01	3.020905e-01	-1.349648e-02
0.034         	1.583116e-01	1.676671e-02	2.901151e-01	3.033691e-01	-1.325402e-02
0.0345        	1.588126e-01	1.675243e-02	2.916070e-01	3.046161e-01	-1.300906e-02
0.035         	1.592961e-01	1.673628e-02	2.930694e-01	3.058308e-01	-1.276134e-02
0.0355        	1.597624e-01	1.671831e-02	2.945028e-01	3.070139e-01	-1.251102e-02
0.036         	1.602114e-01	1.669846e-02	2.959068e-01	3.081648e-01	-1.225804e-02
0.0365        	1.606432e-01	1.667681e-02	2.972813e-01	3.092839e-01	-1.200258e-02
0.037         	1.610577e-01	1.665332e-02	2.986262e-01	3.103708e-01	-1.174460e-02
0.0375        	1.614545e-01	1.662804e-02	2.999406e-01	3.114248e-01	-1.148420e-02
0.038         	1.618336e-01	1.660094e-02	3.012245e-01	3.124459e-01	-1.122137e-02
0.0385        	1.621948e-01	1.657209e-02	3.024771e-01	3.134334e-01	-1.095627e-02
0.039         	1.625381e-01	1.654149e-02	3.036982e-01	3.143872e-01	-1.068900e-02
0.0395        	1.628643e-01	1.650928e-02	3.048891e-01	3.153089e-01	-1.041981e-02
0.04          	1.631740e-01	1.647549e-02	3.060504e-01	3.161992e-01	-1.014884e-02
0.0405        	1.634678e-01	1.644022e-02	3.071829e-01	3.170592e-01	-9.876321e-03
0.041         	1.637458e-01	1.640351e-02	3.082868e-01	3.178892e-01	-9.602404e-03
0.0415        	1.640081e-01	1.636548e-02	3.093616e-01	3.186889e-01	-9.327347e-03
0.042         	1.642561e-01	1.632620e-02	3.104096e-01	3.194609e-01	-9.051329e-03
0.0425        	1.644903e-01	1.628577e-02	3.114314e-01	3.202060e-01	-8.774637e-03
0.043         	1.647110e-01	1.624425e-02	3.124269e-01	3.209245e-01	-8.497534e-03
0.0435        	1.649190e-01	1.620176e-02	3.133973e-01	3.216177e-01	-8.220403e-03
0.044         	1.651157e-01	1.615843e-02	3.143441e-01	3.222877e-01	-7.943592e-03
0.0445        	1.653017e-01	1.611440e-02	3.152684e-01	3.229359e-01	-7.667523e-03
0.045         	1.654781e-01	1.606977e-02	3.161711e-01	3.235636e-01	-7.392531e-03
0.0455        	1.656462e-01	1.602464e-02	3.170544e-01	3.241733e-01	-7.118975e-03
0.046         	1.658062e-01	1.597917e-02	3.179181e-01	3.247653e-01	-6.847202e-03
0.0465        	1.659595e-01	1.593347e-02	3.187639e-01	3.253415e-01	-6.577568e-03
0.047         	1.661075e-01	1.588765e-02	3.195943e-01	3.259047e-01	-6.310339e-03
0.0475        	1.662507e-01	1.584184e-02	3.204097e-01	3.264555e-01	-6.045829e-03
0.048         	1.663894e-01	1.579611e-02	3.212103e-01	3.269946e-01	-5.784303e-03
0.0485        	1.665243e-01	1.575058e-02	3.219965e-01	3.275226e-01	-5.526072e-03
0.049         	1.666567e-01	1.570535e-02	3.227706e-01	3.280420e-01	-5.271352e-03
0.0495        	1.667874e-01	1.566053e-02	3.235342e-01	3.285545e-01	-5.020353e-03
0.05          	1.669175e-01	1.561618e-02	3.242886e-01	3.290618e-01	-4.773191e-03
0.0505        	1.670462e-01	1.557239e-02	3.250323e-01	3.295623e-01	-4.530049e-03
0.051         	1.671743e-01	1.552916e-02	3.257666e-01	3.300576e-01	-4.291003e-03
0.0515        	1.673019e-01	1.548657e-02	3.264915e-01	3.305476e-01	-4.056158e-03
0.052         	1.674295e-01	1.544467e-02	3.272078e-01	3.310334e-01	-3.825543e-03
0.0525        	1.675574e-01	1.540356e-02	3.279164e-01	3.315155e-01	-3.599154e-03
0.053         	1.676858e-01	1.536321e-02	3.286177e-01	3.319947e-01	-3.376940e-03
0.0535        	1.678143e-01	1.532360e-02	3.293108e-01	3.324697e-01	-3.158903e-03
0.054         	1.679429e-01	1.528473e-02	3.299957e-01	3.329407e-01	-2.945016e-03
0.0545        	1.680716e-01	1.524661e-02	3.306728e-01	3.334080e-01	-2.735250e-03
0.055         	1.682006e-01	1.520928e-02	3.313422e-01	3.338717e-01	-2.529527e-03
0.0555        	1.683298e-01	1.517276e-02	3.320041e-01	3.343319e-01	-2.327770e-03
0.056         	1.684591e-01	1.513707e-02	3.326584e-01	3.347883e-01	-2.129902e-03
0.0565        	1.685883e-01	1.510224e-02	3.333049e-01	3.352408e-01	-1.935879e-03
0.057         	1.687177e-01	1.506817e-02	3.339441e-01	3.356897e-01	-1.745670e-03
0.0575        	1.688472e-01	1.503480e-02	3.345760e-01	3.361352e-01	-1.559248e-03
0.058         	1.689767e-01	1.500212e-02	3.352004e-01	3.365769e-01	-1.376549e-03
0.0585        	1.691062e-01	1.497017e-02	3.358173e-01	3.370148e-01	-1.197503e-03
0.059         	1.692355e-01	1.493899e-02	3.364270e-01	3.374491e-01	-1.022026e-03
0.0595        	1.693645e-01	1.490858e-02	3.370290e-01	3.378790e-01	-8.500559e-04
0.06          	1.694932e-01	1.487891e-02	3.376233e-01	3.383049e-01	-6.815307e-04
0.0605        	1.696215e-01	1.484992e-02	3.382103e-01	3.387267e-01	-5.163987e-04
0.061         	1.697494e-01	1.482162e-02	3.387895e-01	3.391441e-01	-3.545888e-04
0.0615        	1.698769e-01	1.479403e-02	3.393618e-01	3.395578e-01	-1.960185e-04
0.062         	1.700039e-01	1.476700e-02	3.399266e-01	3.399672e-01	-4.061980e-05
0.0625        	1.701303e-01	1.474044e-02	3.404840e-01	3.403723e-01	1.116620e-04
0.063         	1.702561e-01	1.471441e-02	3.410340e-01	3.407731e-01	2.608836e-04
0.0635        	1.703809e-01	1.468898e-02	3.415761e-01	3.411690e-01	4.070968e-04
0.064         	1.705050e-01	1.466420e-02	3.421106e-01	3.415603e-01	5.503611e-04
0.0645        	1.706283e-01	1.464003e-02	3.426380e-01	3.419473e-01	6.907249e-04
0.065         	1.707508e-01	1.461644e-02	3.431580e-01	3.423298e-01	8.282476e-04
0.0655        	1.708723e-01	1.459337e-02	3.436706e-01	3.427076e-01	9.629869e-04
0.066         	1.709929e-01	1.457080e-02	3.441758e-01	3.430808e-01	1.095002e-03
0.0665        	1.711125e-01	1.454872e-02	3.446736e-01	3.434493e-01	1.224344e-03
0.067         	1.712311e-01	1.452711e-02	3.451642e-01	3.438132e-01	1.351066e-03
0.0675        	1.713486e-01	1.450596e-02	3.456476e-01	3.441724e-01	1.475215e-03
0.068         	1.714650e-01	1.448526e-02	3.461237e-01	3.445269e-01	1.596838e-03
0.0685        	1.715803e-01	1.446502e-02	3.465925e-01	3.448766e-01	1.715980e-03
0.069         	1.716945e-01	1.444522e-02	3.470544e-01	3.452217e-01	1.832681e-03
0.0695        	1.718076e-01	1.442584e-02	3.475092e-01	3.455622e-01	1.946984e-03
0.07          	1.719195e-01	1.440689e-02	3.479569e-01	3.458980e-01	2.058936e-03
0.0705        	1.720303e-01	1.438835e-02	3.483978e-01	3.462292e-01	2.168573e-03
0.071         	1.721399e-01	1.437021e-02	3.488318e-01	3.465558e-01	2.275937e-03
0.0715        	1.722484e-01	1.435246e-02	3.492589e-01	3.468779e-01	2.381066e-03
0.072         	1.723557e-01	1.433509e-02	3.496794e-01	3.471954e-01	2.483999e-03
0.0725        	1.724618e-01	1.431811e-02	3.500931e-01	3.475083e-01	2.584775e-03
0.073         	1.725666e-01	1.430151e-02	3.505000e-01	3.478166e-01	2.683429e-03
0.0735        	1.726703e-01	1.428527e-02	3.509006e-01	3.481206e-01	2.779992e-03
0.074         	1.727729e-01	1.426939e-02	3.512948e-01	3.484203e-01	2.874503e-03
0.0745        	1.728744e-01	1.425387e-02	3.516828e-01	3.487158e-01	2.966996e-03
0.075         	1.729747e-01	1.423871e-02	3.520644e-01	3.490069e-01	3.057511e-03
0.0755        	1.730739e-01	1.422389e-02	3.524399e-01	3.492938e-01	3.146079e-03
0.076         	1.731718e-01	1.420941e-02	3.528091e-01	3.495764e-01	3.232736e-03
0.0765        	1.732687e-01	1.419527e-02	3.531724e-01	3.498549e-01	3.317510e-03
0.077         	1.733645e-01	1.418147e-02	3.535299e-01	3.501295e-01	3.400434e-03
0.0775        	1.734593e-01	1.416799e-02	3.538817e-01	3.504002e-01	3.481541e-03
0.078         	1.735531e-01	1.415482e-02	3.542280e-01	3.506671e-01	3.560869e-03
0.0785        	1.736458e-01	1.414198e-02	3.545685e-01	3.509300e-01	3.638451e-03
0.079         	1.737374e-01	1.412944e-02	3.549035e-01	3.511892e-01	3.714317e-03
0.0795        	1.738280e-01	1.411722e-02	3.552330e-01	3.514445e-01	3.788499e-03
0.08          	1.739176e-01	1.410531e-02	3.555572e-01	3.516962e-01	3.861025e-03
0.0805        	1.740062e-01	1.409369e-02	3.558762e-01	3.519443e-01	3.931926e-03
0.081         	1.740938e-01	1.408236e-02	3.561901e-01	3.521889e-01	4.001236e-03
0.0815        	1.741805e-01	1.407132e-02	3.564990e-01	3.524300e-01	4.068985e-03
0.082         	1.742663e-01	1.406057e-02	3.568030e-01	3.526677e-01	4.135206e-03
0.0825        	1.743511e-01	1.405010e-02	3.571021e-01	3.529022e-01	4.199927e-03
0.083         	1.744350e-01	1.403990e-02	3.573964e-01	3.531333e-01	4.263179e-03
0.0835        	1.745181e-01	1.402997e-02	3.576861e-01	3.533612e-01	4.324990e-03
0.084         	1.746002e-01	1.402031e-02	3.579712e-01	3.535858e-01	4.385393e-03
0.0845        	1.746815e-01	1.401091e-02	3.582518e-01	3.538074e-01	4.444415e-03
0.085         	1.747619e-01	1.400176e-02	3.585280e-01	3.540259e-01	4.502086e-03
0.0855        	1.748415e-01	1.399286e-02	3.587998e-01	3.542414e-01	4.558432e-03
0.086         	1.749203e-01	1.398420e-02	3.590675e-01	3.544540e-01	4.613484e-03
0.0865        	1.749982e-01	1.397578e-02	3.593310e-01	3.546637e-01	4.667271e-03
0.087         	1.750754e-01	1.396760e-02	3.595903e-01	3.548705e-01	4.719821e-03
0.0875        	1.751517e-01	1.395964e-02	3.598457e-01	3.550745e-01	4.771162e-03
0.088         	1.752272e-01	1.395190e-02	3.600971e-01	3.552757e-01	4.821319e-03
0.0885        	1.753020e-01	1.394438e-02	3.603446e-01	3.554743e-01	4.870320e-03
0.089         	1.753760e-01	1.393707e-02	3.605885e-01	3.556703e-01	4.918191e-03
0.0895        	1.754493e-01	1.392997e-02	3.608286e-01	3.558636e-01	4.964961e-03
0.09          	1.755219e-01	1.392306e-02	3.610650e-01	3.560544e-01	5.010655e-03
0.0905        	1.755937e-01	1.391635e-02	3.612979e-01	3.562426e-01	5.055300e-03
0.091         	1.756647e-01	1.390983e-02	3.615273e-01	3.564284e-01	5.098921e-03
0.0915        	1.757351e-01	1.390349e-02	3.617533e-01	3.566118e-01	5.141542e-03
0.092         	1.758048e-01	1.389733e-02	3.619759e-01	3.567927e-01	5.183188e-03
0.0925        	1.758737e-01	1.389134e-02	3.621952e-01	3.569714e-01	5.223887e-03
0.093         	1.759420e-01	1.388553e-02	3.624113e-01	3.571477e-01	5.263662e-03
0.0935        	1.760096e-01	1.387987e-02	3.626243e-01	3.573217e-01	5.302537e-03
0.094         	1.760765e-01	1.387438e-02	3.628341e-01	3.574936e-01	5.340535e-03
0.0945        	1.761428e-01	1.386904e-02	3.630410e-01	3.576633e-01	5.377679e-03
0.095         	1.762084e-01	1.386384e-02	3.632448e-01	3.578308e-01	5.413994e-03
0.0955        	1.762734e-01	1.385880e-02	3.634457e-01	3.579962e-01	5.449504e-03
0.096         	1.763376e-01	1.385389e-02	3.636437e-01	3.581595e-01	5.484230e-03
0.0965        	1.764013e-01	1.384912e-02	3.638389e-01	3.583207e-01	5.518194e-03
0.097         	1.764643e-01	1.384448e-02	3.640314e-01	3.584800e-01	5.551416e-03
0.0975        	1.765267e-01	1.383996e-02	3.642212e-01	3.586373e-01	5.583920e-03
0.098         	1.765885e-01	1.383557e-02	3.644085e-01	3.587928e-01	5.615726e-03
0.0985        	1.766497e-01	1.383129e-02	3.645931e-01	3.589462e-01	5.646859e-03
0.099         	1.767103e-01	1.382712e-02	3.647752e-01	3.590979e-01	5.677335e-03
0.0995        	1.767702e-01	1.382307e-02	3.649548e-01	3.592476e-01	5.707178e-03
0.1           	1.768296e-01	1.381912e-02	3.651319e-01	3.593955e-01	5.736403e-03
0.1005        	1.768884e-01	1.381528e-02	3.653068e-01	3.595418e-01	5.765030e-03
0.101         	1.769466e-01	1.381153e-02	3.654793e-01	3.596862e-01	5.793078e-03
0.1015        	1.770042e-01	1.380787e-02	3.656495e-01	3.598289e-01	5.820566e-03
0.102         	1.770612e-01	1.380431e-02	3.658174e-01	3.599699e-01	5.847506e-03
0.1025        	1.771177e-01	1.380084e-02	3.659833e-01	3.601094e-01	5.873910e-03
0.103         	1.771737e-01	1.379746e-02	3.661470e-01	3.602472e-01	5.899796e-03
0.1035        	1.772292e-01	1.379417e-02	3.663087e-01	3.603835e-01	5.925175e-03
0.104         	1.772842e-01	1.379095e-02	3.664684e-01	3.605184e-01	5.950062e-03
0.1045        	1.773386e-01	1.378782e-02	3.666262e-01	3.606518e-01	5.974471e-03
0.105         	1.773926e-01	1.378476e-02	3.667821e-01	3.607837e-01	5.998418e-03
0.1055        	1.774461e-01	1.378178e-02	3.669361e-01	3.609142e-01	6.021919e-03
0.106         	1.774992e-01	1.377886e-02	3.670883e-01	3.610433e-01	6.044990e-03
0.1065        	1.775517e-01	1.377601e-02	3.672387e-01	3.611711e-01	6.067648e-03
0.107         	1.776038e-01	1.377322e-02	3.673873e-01	3.612974e-01	6.089908e-03
0.1075        	1.776553e-01	1.377049e-02	3.675342e-01	3.614224e-01	6.111785e-03
0.108         	1.777064e-01	1.376782e-02	3.676794e-01	3.615461e-01	6.133295e-03
0.1085        	1.777570e-01	1.376519e-02	3.678229e-01	3.616684e-01	6.154453e-03
0.109         	1.778071e-01	1.376262e-02	3.679647e-01	3.617895e-01	6.175272e-03
0.1095        	1.778567e-01	1.376009e-02	3.681049e-01	3.619092e-01	6.195765e-03
0.11          	1.779058e-01	1.375760e-02	3.682435e-01	3.620276e-01	6.215945e-03
0.1105        	1.779544e-01	1.375515e-02	3.683805e-01	3.621447e-01	6.235824e-03
0.111         	1.780026e-01	1.375274e-02	3.685159e-01	3.622605e-01	6.255412e-03
0.1115        	1.780502e-01	1.375037e-02	3.686498e-01	3.623751e-01	6.274720e-03
0.112         	1.780974e-01	1.374802e-02	3.687822e-01	3.624885e-01	6.293759e-03
0.1125        	1.781440e-01	1.374571e-02	3.689131e-01	3.626006e-01	6.312537e-03
0.113         	1.781902e-01	1.374343e-02	3.690426e-01	3.627116e-01	6.331064e-03
0.1135        	1.782360e-01	1.374117e-02	3.691706e-01	3.628213e-01	6.349350e-03
0.114         	1.782812e-01	1.373894e-02	3.692972e-01	3.629298e-01	6.367402e-03
0.1145        	1.783260e-01	1.373673e-02	3.694224e-01	3.630372e-01	6.385230e-03
0.115         	1.783703e-01	1.373454e-02	3.695462e-01	3.631434e-01	6.402840e-03
0.1155        	1.784141e-01	1.373237e-02	3.696687e-01	3.632484e-01	6.420240e-03
0.116         	1.784575e-01	1.373022e-02	3.697898e-01	3.633524e-01	6.437438e-03
0.1165        	1.785004e-01	1.372809e-02	3.699096e-01	3.634552e-01	6.454441e-03
0.117         	1.785428e-01	1.372597e-02	3.700281e-01	3.635569e-01	6.471257e-03
0.1175        	1.785848e-01	1.372386e-02	3.701453e-01	3.636574e-01	6.487891e-03
0.118         	1.786263e-01	1.372176e-02	3.702613e-01	3.637569e-01	6.504350e-03
0.1185        	1.786674e-01	1.371968e-02	3.703760e-01	3.638554e-01	6.520639e-03
0.119         	1.787080e-01	1.371761e-02	3.704895e-01	3.639528e-01	6.536765e-03
0.1195        	1.787482e-01	1.371555e-02	3.706019e-01	3.640491e-01	6.552734e-03
0.12          	1.787879e-01	1.371349e-02	3.707129e-01	3.641444e-01	6.568550e-03
0.1205        	1.788272e-01	1.371144e-02	3.708228e-01	3.642386e-01	6.584218e-03
0.121         	1.788661e-01	1.370941e-02	3.709316e-01	3.643319e-01	6.599742e-03
0.1215        	1.789045e-01	1.370737e-02	3.710392e-01	3.644241e-01	6.615126e-03
0.122         	1.789425e-01	1.370535e-02	3.711457e-01	3.645153e-01	6.630375e-03
0.1225        	1.789800e-01	1.370333e-02	3.712511e-01	3.646056e-01	6.645494e-03
0.123         	1.790172e-01	1.370131e-02	3.713554e-01	3.646949e-01	6.660486e-03
0.1235        	1.790539e-01	1.369930e-02	3.714586e-01	3.647832e-01	6.675356e-03
0.124         	1.790902e-01	1.369729e-02	3.715607e-01	3.648706e-01	6.690107e-03
0.1245        	1.791261e-01	1.369529e-02	3.716617e-01	3.649570e-01	6.704741e-03
0.125         	1.791616e-01	1.369329e-02	3.717617e-01	3.650424e-01	6.719263e-03
0.1255        	1.791966e-01	1.369129e-02	3.718606e-01	3.651269e-01	6.733675e-03
0.126         	1.792313e-01	1.368929e-02	3.719585e-01	3.652105e-01	6.747979e-03
0.1265        	1.792655e-01	1.368730e-02	3.720554e-01	3.652932e-01	6.762179e-03
0.127         	1.792993e-01	1.368531e-02	3.721512e-01	3.653749e-01	6.776277e-03
0.1275        	1.793327e-01	1.368333e-02	3.722460e-01	3.654558e-01	6.790274e-03
0.128         	1.793658e-01	1.368134e-02	3.723399e-01	3.655357e-01	6.804173e-03
0.1285        	1.793984e-01	1.367936e-02	3.724327e-01	3.656147e-01	6.817976e-03
0.129         	1.794306e-01	1.367738e-02	3.725245e-01	3.656928e-01	6.831685e-03
0.1295        	1.794624e-01	1.367540e-02	3.726154e-01	3.657701e-01	6.845301e-03
0.13          	1.794938e-01	1.367343e-02	3.727053e-01	3.658464e-01	6.858825e-03
0.1305        	1.795248e-01	1.367146e-02	3.727942e-01	3.659219e-01	6.872260e-03
0.131         	1.795555e-01	1.366949e-02	3.728822e-01	3.659966e-01	6.885607e-03
0.1315        	1.795857e-01	1.366752e-02	3.729692e-01	3.660704e-01	6.898867e-03
0.132         	1.796156e-01	1.366556e-02	3.730553e-01	3.661433e-01	6.912040e-03
0.1325        	1.796451e-01	1.366360e-02	3.731405e-01	3.662154e-01	6.925128e-03
0.133         	1.796742e-01	1.366164e-02	3.732248e-01	3.662866e-01	6.938133e-03
0.1335        	1.797030e-01	1.365969e-02	3.733081e-01	3.663570e-01	6.951054e-03
0.134         	1.797314e-01	1.365774e-02	3.733905e-01	3.664266e-01	6.963892e-03
0.1345        	1.797594e-01	1.365579e-02	3.734721e-01	3.664954e-01	6.976648e-03
0.135         	1.797870e-01	1.365385e-02	3.735527e-01	3.665634e-01	6.989322e-03
0.1355        	1.798143e-01	1.365191e-02	3.736325e-01	3.666306e-01	7.001916e-03
0.136         	1.798413e-01	1.364997e-02	3.737114e-01	3.666969e-01	7.014429e-03
0.1365        	1.798678e-01	1.364804e-02	3.737894e-01	3.667625e-01	7.026860e-03
0.137         	1.798941e-01	1.364611e-02	3.738665e-01	3.668273e-01	7.039211e-03
0.1375        	1.799199e-01	1.364419e-02	3.739429e-01	3.668914e-01	7.051481e-03
0.138         	1.799455e-01	1.364228e-02	3.740183e-01	3.669546e-01	7.063671e-03
0.1385        	1.799707e-01	1.364036e-02	3.740929e-01	3.670172e-01	7.075781e-03
0.139         	1.799956e-01	1.363846e-02	3.741667e-01	3.670789e-01	7.087810e-03
0.1395        	1.800201e-01	1.363656e-02	3.742397e-01	3.671400e-01	7.099758e-03
0.14          	1.800443e-01	1.363466e-02	3.743119e-01	3.672002e-01	7.111625e-03
0.1405        	1.800682e-01	1.363277e-02	3.743832e-01	3.672598e-01	7.123412e-03
0.141         	1.800917e-01	1.363088e-02	3.744537e-01	3.673186e-01	7.135117e-03
0.1415        	1.801150e-01	1.362901e-02	3.745234e-01	3.673767e-01	7.146740e-03
0.142         	1.801379e-01	1.362713e-02	3.745924e-01	3.674341e-01	7.158282e-03
0.1425        	1.801605e-01	1.362527e-02	3.746605e-01	3.674908e-01	7.169742e-03
0.143         	1.801828e-01	1.362341e-02	3.747278e-01	3.675467e-01	7.181119e-03
0.1435        	1.802048e-01	1.362155e-02	3.747944e-01	3.676020e-01	7.192413e-03
0.144         	1.802265e-01	1.361971e-02	3.748602e-01	3.676566e-01	7.203624e-03
0.1445        	1.802479e-01	1.361787e-02	3.749252e-01	3.677105e-01	7.214752e-03
0.145         	1.802689e-01	1.361604e-02	3.749895e-01	3.677637e-01	7.225796e-03
0.1455        	1.802897e-01	1.361421e-02	3.750530e-01	3.678162e-01	7.236755e-03
0.146         	1.803102e-01	1.361239e-02	3.751157e-01	3.678681e-01	7.247630e-03
0.1465        	1.803304e-01	1.361058e-02	3.751777e-01	3.679193e-01	7.258420e-03
0.147         	1.803504e-01	1.360878e-02	3.752390e-01	3.679698e-01	7.269126e-03
0.1475        	1.803700e-01	1.360699e-02	3.752995e-01	3.680197e-01	7.279745e-03
0.148         	1.803894e-01	1.360520e-02	3.753593e-01	3.680690e-01	7.290279e-03
0.1485        	1.804084e-01	1.360342e-02	3.754183e-01	3.681176e-01	7.300727e-03
0.149         	1.804273e-01	1.360165e-02	3.754767e-01	3.681656e-01	7.311088e-03
0.1495        	1.804458e-01	1.359989e-02	3.755343e-01	3.682129e-01	7.321363e-03
0.15          	1.804641e-01	1.359814e-02	3.755912e-01	3.682597e-01	7.331552e-03
0.1505        	1.804821e-01	1.359640e-02	3.756475e-01	3.683058e-01	7.341654e-03
0.151         	1.804998e-01	1.359466e-02	3.757030e-01	3.683513e-01	7.351668e-03
0.1515        	1.805173e-01	1.359294e-02	3.757578e-01	3.683962e-01	7.361595e-03
0.152         	1.805345e-01	1.359123e-02	3.758119e-01	3.684405e-01	7.371434e-03
0.1525        	1.805515e-01	1.358952e-02	3.758654e-01	3.684842e-01	7.381185e-03
0.153         	1.805683e-01	1.358783e-02	3.759182e-01	3.685274e-01	7.390848e-03
0.1535        	1.805848e-01	1.358615e-02	3.759704e-01	3.685699e-01	7.400422e-03
0.154         	1.806010e-01	1.358448e-02	3.760218e-01	3.686119e-01	7.409908e-03
0.1545        	1.806170e-01	1.358282e-02	3.760727e-01	3.686534e-01	7.419304e-03
0.155         	1.806328e-01	1.358117e-02	3.761228e-01	3.686942e-01	7.428612e-03
0.1555        	1.806484e-01	1.357953e-02	3.761724e-01	3.687345e-01	7.437830e-03
0.156         	1.806637e-01	1.357790e-02	3.762213e-01	3.687743e-01	7.446959e-03
0.1565        	1.806788e-01	1.357629e-02	3.762695e-01	3.688135e-01	7.455999e-03
0.157         	1.806936e-01	1.357469e-02	3.763172e-01	3.688522e-01	7.464948e-03
0.1575        	1.807083e-01	1.357311e-02	3.763642e-01	3.688904e-01	7.473808e-03
0.158         	1.807227e-01	1.357153e-02	3.764106e-01	3.689281e-01	7.482578e-03
0.1585        	1.807370e-01	1.356997e-02	3.764564e-01	3.689652e-01	7.491259e-03
0.159         	1.807510e-01	1.356843e-02	3.765016e-01	3.690018e-01	7.499849e-03
0.1595        	1.807648e-01	1.356689e-02	3.765462e-01	3.690379e-01	7.508350e-03
0.16          	1.807784e-01	1.356537e-02	3.765903e-01	3.690735e-01	7.516760e-03
0.1605        	1.807918e-01	1.356387e-02	3.766337e-01	3.691086e-01	7.525081e-03
0.161         	1.808050e-01	1.356238e-02	3.766766e-01	3.691433e-01	7.533312e-03
0.1615        	1.808180e-01	1.356091e-02	3.767189e-01	3.691774e-01	7.541453e-03
0.162         	1.808308e-01	1.355945e-02	3.767606e-01	3.692111e-01	7.549505e-03
0.1625        	1.808434e-01	1.355800e-02	3.768017e-01	3.692443e-01	7.557466e-03
0.163         	1.808558e-01	1.355657e-02	3.768423e-01	3.692770e-01	7.565339e-03
0.1635        	1.808681e-01	1.355516e-02	3.768824e-01	3.693093e-01	7.573122e-03
0.164         	1.808802e-01	1.355376e-02	3.769219e-01	3.693411e-01	7.580816e-03
0.1645        	1.808920e-01	1.355238e-02	3.769609e-01	3.693725e-01	7.588421e-03
0.165         	1.809037e-01	1.355101e-02	3.769994e-01	3.694034e-01	7.595938e-03
0.1655        	1.809153e-01	1.354966e-02	3.770373e-01	3.694339e-01	7.603366e-03
0.166         	1.809266e-01	1.354832e-02	3.770747e-01	3.694640e-01	7.610706e-03
0.1665        	1.809378e-01	1.354700e-02	3.771116e-01	3.694936e-01	7.617958e-03
0.167         	1.809488e-01	1.354570e-02	3.771479e-01	3.695228e-01	7.625122e-03
0.1675        	1.809597e-01	1.354441e-02	3.771838e-01	3.695516e-01	7.632198e-03
0.168         	1.809704e-01	1.354314e-02	3.772192e-01	3.695800e-01	7.639188e-03
0.1685        	1.809810e-01	1.354188e-02	3.772541e-01	3.696080e-01	7.646090e-03
0.169         	1.809914e-01	1.354064e-02	3.772885e-01	3.696356e-01	7.652906e-03
0.1695        	1.810016e-01	1.353942e-02	3.773225e-01	3.696628e-01	7.659637e-03
0.17          	1.810117e-01	1.353821e-02	3.773560e-01	3.696897e-01	7.666282e-03
0.1705        	1.810216e-01	1.353702e-02	3.773889e-01	3.697161e-01	7.672841e-03
0.171         	1.810314e-01	1.353584e-02	3.774215e-01	3.697421e-01	7.679317e-03
0.1715        	1.810411e-01	1.353467e-02	3.774535e-01	3.697678e-01	7.685709e-03
0.172         	1.810505e-01	1.353352e-02	3.774851e-01	3.697931e-01	7.692022e-03
0.1725        	1.810599e-01	1.353239e-02	3.775163e-01	3.698181e-01	7.698255e-03
0.173         	1.810691e-01	1.353127e-02	3.775471e-01	3.698427e-01	7.704410e-03
0.1735        	1.810782e-01	1.353016e-02	3.775774e-01	3.698669e-01	7.710484e-03
0.174         	1.810871e-01	1.352907e-02	3.776073e-01	3.698908e-01	7.716479e-03
0.1745        	1.810960e-01	1.352800e-02	3.776367e-01	3.699143e-01	7.722394e-03
0.175         	1.811046e-01	1.352694e-02	3.776657e-01	3.699375e-01	7.728231e-03
0.1755        	1.811132e-01	1.352591e-02	3.776944e-01	3.699604e-01	7.733992e-03
0.176         	1.811217e-01	1.352489e-02	3.777227e-01	3.699831e-01	7.739673e-03
0.1765        	1.811300e-01	1.352388e-02	3.777505e-01	3.700053e-01	7.745273e-03
0.177         	1.811381e-01	1.352289e-02	3.777779e-01	3.700271e-01	7.750791e-03
0.1775        	1.811462e-01	1.352191e-02	3.778048e-01	3.700486e-01	7.756232e-03
0.178         	1.811541e-01	1.352094e-02	3.778315e-01	3.700699e-01	7.761602e-03
0.1785        	1.811620e-01	1.351997e-02	3.778578e-01	3.700909e-01	7.766904e-03
0.179         	1.811697e-01	1.351903e-02	3.778837e-01	3.701115e-01	7.772137e-03
0.1795        	1.811773e-01	1.351809e-02	3.779092e-01	3.701319e-01	7.777298e-03
0.18          	1.811848e-01	1.351717e-02	3.779343e-01	3.701519e-01	7.782386e-03
0.1805        	1.811921e-01	1.351626e-02	3.779591e-01	3.701716e-01	7.787401e-03
0.181         	1.811994e-01	1.351537e-02	3.779835e-01	3.701911e-01	7.792346e-03
0.1815        	1.812066e-01	1.351450e-02	3.780076e-01	3.702103e-01	7.797233e-03
0.182         	1.812136e-01	1.351364e-02	3.780313e-01	3.702293e-01	7.802049e-03
0.1825        	1.812206e-01	1.351279e-02	3.780547e-01	3.702479e-01	7.806784e-03
0.183         	1.812274e-01	1.351195e-02	3.780777e-01	3.702663e-01	7.811441e-03
0.1835        	1.812341e-01	1.351113e-02	3.781004e-01	3.702843e-01	7.816030e-03
0.184         	1.812408e-01	1.351031e-02	3.781227e-01	3.703021e-01	7.820559e-03
0.1845        	1.812473e-01	1.350951e-02	3.781447e-01	3.703197e-01	7.825030e-03
0.185         	1.812538e-01	1.350871e-02	3.781665e-01	3.703371e-01	7.829441e-03
0.1855        	1.812602e-01	1.350792e-02	3.781879e-01	3.703541e-01	7.833788e-03
0.186         	1.812664e-01	1.350715e-02	3.782090e-01	3.703709e-01	7.838070e-03
0.1865        	1.812726e-01	1.350639e-02	3.782298e-01	3.703875e-01	7.842288e-03
0.187         	1.812787e-01	1.350565e-02	3.782503e-01	3.704038e-01	7.846444e-03
0.1875        	1.812847e-01	1.350491e-02	3.782705e-01	3.704199e-01	7.850540e-03
0.188         	1.812906e-01	1.350419e-02	3.782903e-01	3.704358e-01	7.854575e-03
0.1885        	1.812964e-01	1.350347e-02	3.783100e-01	3.704514e-01	7.858552e-03
0.189         	1.813022e-01	1.350279e-02	3.783294e-01	3.704669e-01	7.862480e-03
0.1895        	1.813079e-01	1.350210e-02	3.783485e-01	3.704822e-01	7.866345e-03
0.19          	1.813135e-01	1.350143e-02	3.783673e-01	3.704971e-01	7.870140e-03
0.1905        	1.813190e-01	1.350078e-02	3.783858e-01	3.705119e-01	7.873865e-03
0.191         	1.813244e-01	1.350013e-02	3.784039e-01	3.705263e-01	7.877531e-03
0.1915        	1.813298e-01	1.349948e-02	3.784218e-01	3.705407e-01	7.881150e-03
0.192         	1.813350e-01	1.349885e-02	3.784394e-01	3.705547e-01	7.884718e-03
0.1925        	1.813403e-01	1.349822e-02	3.784572e-01	3.705689e-01	7.888251e-03
0.193         	1.813455e-01	1.349760e-02	3.784745e-01	3.705828e-01	7.891730e-03
0.1935        	1.813506e-01	1.349699e-02	3.784914e-01	3.705963e-01	7.895151e-03
0.194         	1.813556e-01	1.349639e-02	3.785081e-01	3.706096e-01	7.898520e-03
0.1945        	1.813604e-01	1.349580e-02	3.785245e-01	3.706227e-01	7.901833e-03
0.195         	1.813653e-01	1.349522e-02	3.785408e-01	3.706357e-01	7.905095e-03
0.1955        	1.813701e-01	1.349466e-02	3.785568e-01	3.706485e-01	7.908308e-03
0.196         	1.813748e-01	1.349410e-02	3.785726e-01	3.706611e-01	7.911474e-03
0.1965        	1.813795e-01	1.349355e-02	3.785881e-01	3.706735e-01	7.914593e-03
0.197         	1.813840e-01	1.349301e-02	3.786034e-01	3.706858e-01	7.917664e-03
0.1975        	1.813886e-01	1.349248e-02	3.786185e-01	3.706979e-01	7.920688e-03
0.198         	1.813930e-01	1.349195e-02	3.786334e-01	3.707098e-01	7.923665e-03
0.1985        	1.813974e-01	1.349144e-02	3.786481e-01	3.707215e-01	7.926596e-03
0.199         	1.814018e-01	1.349093e-02	3.786626e-01	3.707331e-01	7.929485e-03
0.1995        	1.814062e-01	1.349045e-02	3.786771e-01	3.707447e-01	7.932344e-03
0.2           	1.814105e-01	1.348997e-02	3.786912e-01	3.707561e-01	7.935154e-03
0.2005        	1.814146e-01	1.348950e-02	3.787050e-01	3.707671e-01	7.937902e-03
0.201         	1.814187e-01	1.348904e-02	3.787187e-01	3.707781e-01	7.940597e-03
0.2015        	1.814229e-01	1.348859e-02	3.787322e-01	3.707890e-01	7.943250e-03
0.202         	1.814268e-01	1.348814e-02	3.787453e-01	3.707995e-01	7.945857e-03
0.2025        	1.814308e-01	1.348769e-02	3.787585e-01	3.708100e-01	7.948442e-03
0.203         	1.814348e-01	1.348724e-02	3.787716e-01	3.708206e-01	7.951000e-03
0.2035        	1.814387e-01	1.348680e-02	3.787845e-01	3.708309e-01	7.953519e-03
0.204         	1.814425e-01	1.348637e-02	3.787971e-01	3.708411e-01	7.955996e-03
0.2045        	1.814463e-01	1.348595e-02	3.788094e-01	3.708510e-01	7.958430e-03
0.205         	1.814500e-01	1.348553e-02	3.788216e-01	3.708608e-01	7.960824e-03
0.2055        	1.814536e-01	1.348513e-02	3.788337e-01	3.708705e-01	7.963181e-03
0.206         	1.814573e-01	1.348473e-02	3.788456e-01	3.708801e-01	7.965504e-03
0.2065        	1.814609e-01	1.348433e-02	3.788574e-01	3.708896e-01	7.967795e-03
0.207         	1.814644e-01	1.348394e-02	3.788690e-01	3.708989e-01	7.970052e-03
0.2075        	1.814679e-01	1.348356e-02	3.788804e-01	3.709081e-01	7.972274e-03
0.208         	1.814713e-01	1.348318e-02	3.788916e-01	3.709171e-01	7.974462e-03
0.2085        	1.814747e-01	1.348281e-02	3.789027e-01	3.709261e-01	7.976616e-03
0.209         	1.814781e-01	1.348245e-02	3.789137e-01	3.709350e-01	7.978738e-03
0.2095        	1.814814e-01	1.348209e-02	3.789245e-01	3.709437e-01	7.980831e-03
0.21          	1.814847e-01	1.348174e-02	3.789352e-01	3.709523e-01	7.982893e-03
0.2105        	1.814879e-01	1.348139e-02	3.789457e-01	3.709608e-01	7.984920e-03
0.211         	1.814911e-01	1.348105e-02	3.789560e-01	3.709691e-01	7.986920e-03
0.2115        	1.814942e-01	1.348071e-02	3.789662e-01	3.709773e-01	7.988884e-03
0.212         	1.814973e-01	1.348038e-02	3.789763e-01	3.709854e-01	7.990822e-03
0.2125        	1.815004e-01	1.348005e-02	3.789863e-01	3.709936e-01	7.992737e-03
0.213         	1.815035e-01	1.347975e-02	3.789964e-01	3.710017e-01	7.994636e-03
0.2135        	1.815066e-01	1.347944e-02	3.790063e-01	3.710098e-01	7.996503e-03
0.214         	1.815096e-01	1.347914e-02	3.790157e-01	3.710174e-01	7.998316e-03
0.2145        	1.815124e-01	1.347885e-02	3.790249e-01	3.710248e-01	8.000081e-03
0.215         	1.815152e-01	1.347856e-02	3.790341e-01	3.710323e-01	8.001826e-03
0.2155        	1.815181e-01	1.347826e-02	3.790434e-01	3.710398e-01	8.003561e-03
0.216         	1.815210e-01	1.347797e-02	3.790526e-01	3.710473e-01	8.005283e-03
0.2165        	1.815238e-01	1.347768e-02	3.790617e-01	3.710547e-01	8.006985e-03
0.217         	1.815266e-01	1.347739e-02	3.790705e-01	3.710619e-01	8.008661e-03
0.2175        	1.815293e-01	1.347710e-02	3.790792e-01	3.710689e-01	8.010308e-03
0.218         	1.815320e-01	1.347683e-02	3.790878e-01	3.710758e-01	8.011927e-03
0.2185        	1.815346e-01	1.347656e-02	3.790962e-01	3.710827e-01	8.013521e-03
0.219         	1.815372e-01	1.347629e-02	3.791046e-01	3.710895e-01	8.015093e-03
0.2195        	1.815399e-01	1.347603e-02	3.791131e-01	3.710964e-01	8.016654e-03
0.22          	1.815424e-01	1.347576e-02	3.791213e-01	3.711031e-01	8.018190e-03
0.2205        	1.815449e-01	1.347551e-02	3.791292e-01	3.711095e-01	8.019692e-03
0.221         	1.815474e-01	1.347526e-02	3.791371e-01	3.711159e-01	8.021177e-03
0.2215        	1.815498e-01	1.347501e-02	3.791450e-01	3.711223e-01	8.022646e-03
0.222         	1.815523e-01	1.347476e-02	3.791528e-01	3.711287e-01	8.024096e-03
0.2225        	1.815546e-01	1.347452e-02	3.791603e-01	3.711348e-01	8.025514e-03
0.223         	1.815569e-01	1.347429e-02	3.791677e-01	3.711408e-01	8.026910e-03
0.2235        	1.815592e-01	1.347406e-02	3.791751e-01	3.711468e-01	8.028292e-03
0.224         	1.815616e-01	1.347382e-02	3.791825e-01	3.711528e-01	8.029663e-03
0.2245        	1.815639e-01	1.347359e-02	3.791898e-01	3.711588e-01	8.031020e-03
0.225         	1.815663e-01	1.347336e-02	3.791973e-01	3.711649e-01	8.032382e-03
0.2255        	1.815685e-01	1.347313e-02	3.792044e-01	3.711707e-01	8.033701e-03
0.226         	1.815705e-01	1.347291e-02	3.792111e-01	3.711761e-01	8.034984e-03
0.2265        	1.815726e-01	1.347270e-02	3.792177e-01	3.711815e-01	8.036248e-03
0.227         	1.815747e-01	1.347249e-02	3.792245e-01	3.711870e-01	8.037504e-03
0.2275        	1.815769e-01	1.347228e-02	3.792312e-01	3.711925e-01	8.038750e-03
0.228         	1.815790e-01	1.347207e-02	3.792379e-01	3.711979e-01	8.039983e-03
0.2285        	1.815810e-01	1.347186e-02	3.792445e-01	3.712033e-01	8.041201e-03
0.229         	1.815831e-01	1.347167e-02	3.792511e-01	3.712087e-01	8.042408e-03
0.2295        	1.815852e-01	1.347148e-02	3.792575e-01	3.712139e-01	8.043593e-03
0.23          	1.815872e-01	1.347129e-02	3.792638e-01	3.712190e-01	8.044747e-03
0.2305        	1.815891e-01	1.347110e-02	3.792700e-01	3.712241e-01	8.045873e-03
0.231         	1.815910e-01	1.347092e-02	3.792760e-01	3.712291e-01	8.046982e-03
0.2315        	1.815929e-01	1.347073e-02	3.792821e-01	3.712340e-01	8.048083e-03
0.232         	1.815948e-01	1.347055e-02	3.792880e-01	3.712388e-01	8.049177e-03
0.2325        	1.815967e-01	1.347036e-02	3.792939e-01	3.712437e-01	8.050262e-03
0.233         	1.815986e-01	1.347017e-02	3.792998e-01	3.712484e-01	8.051333e-03
0.2335        	1.816004e-01	1.346999e-02	3.793055e-01	3.712532e-01	8.052388e-03
0.234         	1.816022e-01	1.346982e-02	3.793112e-01	3.712578e-01	8.053427e-03
0.2345        	1.816040e-01	1.346964e-02	3.793168e-01	3.712624e-01	8.054452e-03
0.235         	1.816057e-01	1.346947e-02	3.793224e-01	3.712669e-01	8.055463e-03
0.2355        	1.816074e-01	1.346930e-02	3.793278e-01	3.712713e-01	8.056463e-03
0.236         	1.816091e-01	1.346913e-02	3.793332e-01	3.712758e-01	8.057452e-03
0.2365        	1.816109e-01	1.346896e-02	3.793386e-01	3.712802e-01	8.058430e-03
0.237         	1.816126e-01	1.346880e-02	3.793439e-01	3.712845e-01	8.059395e-03
0.2375        	1.816141e-01	1.346864e-02	3.793489e-01	3.712886e-01	8.060329e-03
0.238         	1.816157e-01	1.346848e-02	3.793540e-01	3.712928e-01	8.061263e-03
0.2385        	1.816173e-01	1.346833e-02	3.793589e-01	3.712967e-01	8.062175e-03
0.239         	1.816189e-01	1.346816e-02	3.793641e-01	3.713010e-01	8.063113e-03
0.2395        	1.816206e-01	1.346800e-02	3.793693e-01	3.713052e-01	8.064036e-03
0.24          	1.816220e-01	1.346786e-02	3.793738e-01	3.713089e-01	8.064902e-03
0.2405        	1.816235e-01	1.346770e-02	3.793786e-01	3.713128e-01	8.065786e-03
0.241         	1.816250e-01	1.346756e-02	3.793834e-01	3.713167e-01	8.066657e-03
0.2415        	1.816265e-01	1.346740e-02	3.793881e-01	3.713206e-01	8.067526e-03
0.242         	1.816279e-01	1.346726e-02	3.793926e-01	3.713242e-01	8.068364e-03
0.2425        	1.816293e-01	1.346713e-02	3.793970e-01	3.713278e-01	8.069184e-03
0.243         	1.816308e-01	1.346697e-02	3.794017e-01	3.713316e-01	8.070032e-03
0.2435        	1.816323e-01	1.346683e-02	3.794063e-01	3.713354e-01	8.070859e-03
0.244         	1.816337e-01	1.346669e-02	3.794107e-01	3.713390e-01	8.071676e-03
0.2445        	1.816350e-01	1.346656e-02	3.794148e-01	3.713424e-01	8.072460e-03
0.245         	1.816362e-01	1.346643e-02	3.794188e-01	3.713456e-01	8.073228e-03
0.2455        	1.816375e-01	1.346629e-02	3.794230e-01	3.713490e-01	8.073999e-03
0.246         	1.816389e-01	1.346615e-02	3.794275e-01	3.713527e-01	8.074796e-03
0.2465        	1.816403e-01	1.346602e-02	3.794318e-01	3.713562e-01	8.075566e-03
0.247         	1.816416e-01	1.346589e-02	3.794358e-01	3.713595e-01	8.076322e-03
0.2475        	1.816427e-01	1.346577e-02	3.794396e-01	3.713625e-01	8.077050e-03
0.248         	1.816438e-01	1.346564e-02	3.794432e-01	3.713655e-01	8.077761e-03
0.2485        	1.816450e-01	1.346552e-02	3.794470e-01	3.713685e-01	8.078476e-03
0.249         	1.816464e-01	1.346539e-02	3.794512e-01	3.713720e-01	8.079217e-03
0.2495        	1.816485e-01	1.346539e-02	3.794562e-01	3.713766e-01	8.079639e-03
0.25          	1.816492e-01	1.346530e-02	3.794587e-01	3.713785e-01	8.080190e-03
0.2505        	1.816504e-01	1.346529e-02	3.794619e-01	3.713813e-01	8.080576e-03
0.251         	1.816518e-01	1.346527e-02	3.794654e-01	3.713845e-01	8.080952e-03
0.2515        	1.816520e-01	1.346506e-02	3.794674e-01	3.713857e-01	8.081728e-03
0.252         	1.816529e-01	1.346497e-02	3.794704e-01	3.713881e-01	8.082290e-03
0.2525        	1.816542e-01	1.346494e-02	3.794737e-01	3.713910e-01	8.082689e-03
0.253         	1.816555e-01	1.346493e-02	3.794771e-01	3.713940e-01	8.083054e-03
0.2535        	1.816567e-01	1.346490e-02	3.794803e-01	3.713969e-01	8.083445e-03
0.254         	1.816577e-01	1.346484e-02	3.794832e-01	3.713993e-01	8.083870e-03
0.2545        	1.816585e-01	1.346474e-02	3.794857e-01	3.714014e-01	8.084344e-03
0.255         	1.816592e-01	1.346464e-02	3.794880e-01	3.714032e-01	8.084826e-03
0.2555        	1.816599e-01	1.346455e-02	3.794903e-01	3.714050e-01	8.085277e-03
0.256         	1.816607e-01	1.346447e-02	3.794928e-01	3.714071e-01	8.085732e-03
0.2565        	1.816616e-01	1.346440e-02	3.794955e-01	3.714094e-01	8.086181e-03
0.257         	1.816625e-01	1.346434e-02	3.794983e-01	3.714117e-01	8.086619e-03
0.2575        	1.816634e-01	1.346428e-02	3.795010e-01	3.714139e-01	8.087047e-03
0.258         	1.816643e-01	1.346421e-02	3.795036e-01	3.714161e-01	8.087471e-03
0.2585        	1.816652e-01	1.346415e-02	3.795061e-01	3.714182e-01	8.087894e-03
0.259         	1.816660e-01	1.346407e-02	3.795086e-01	3.714203e-01	8.088317e-03
0.2595        	1.816668e-01	1.346400e-02	3.795111e-01	3.714224e-01	8.088739e-03
0.26          	1.816676e-01	1.346393e-02	3.795136e-01	3.714244e-01	8.089157e-03
0.2605        	1.816685e-01	1.346387e-02	3.795162e-01	3.714266e-01	8.089573e-03
0.261         	1.816694e-01	1.346380e-02	3.795187e-01	3.714287e-01	8.089987e-03
0.2615        	1.816702e-01	1.346374e-02	3.795212e-01	3.714308e-01	8.090399e-03
0.262         	1.816711e-01	1.346367e-02	3.795237e-01	3.714329e-01	8.090808e-03
0.2625        	1.816718e-01	1.346362e-02	3.795261e-01	3.714349e-01	8.091202e-03
0.263         	1.816726e-01	1.346355e-02	3.795284e-01	3.714368e-01	8.091608e-03
0.2635        	1.816734e-01	1.346348e-02	3.795308e-01	3.714388e-01	8.092019e-03
0.264         	1.816742e-01	1.346342e-02	3.795331e-01	3.714407e-01	8.092414e-03
0.2645        	1.816738e-01	1.346324e-02	3.795334e-01	3.714405e-01	8.092904e-03
0.265         	1.816731e-01	1.346307e-02	3.795328e-01	3.714395e-01	8.093332e-03
0.2655        	1.816727e-01	1.346295e-02	3.795328e-01	3.714391e-01	8.093665e-03
0.266         	1.816728e-01	1.346290e-02	3.795335e-01	3.714396e-01	8.093929e-03
0.2665        	1.816733e-01	1.346288e-02	3.795349e-01	3.714407e-01	8.094177e-03
0.267         	1.816742e-01	1.346286e-02	3.795373e-01	3.714428e-01	8.094472e-03
0.2675        	1.816753e-01	1.346284e-02	3.795402e-01	3.714454e-01	8.094813e-03
0.268         	1.816764e-01	1.346279e-02	3.795432e-01	3.714480e-01	8.095174e-03
0.2685        	1.816771e-01	1.346274e-02	3.795451e-01	3.714496e-01	8.095503e-03
0.269         	1.816777e-01	1.346265e-02	3.795471e-01	3.714513e-01	8.095863e-03
0.2695        	1.816781e-01	1.346257e-02	3.795486e-01	3.714524e-01	8.096203e-03
0.27          	1.816783e-01	1.346252e-02	3.795496e-01	3.714531e-01	8.096464e-03
0.2705        	1.816788e-01	1.346243e-02	3.795511e-01	3.714543e-01	8.096823e-03
0.271         	1.816792e-01	1.346236e-02	3.795527e-01	3.714556e-01	8.097161e-03
0.2715        	1.816798e-01	1.346230e-02	3.795546e-01	3.714571e-01	8.097498e-03
0.272         	1.816803e-01	1.346226e-02	3.795563e-01	3.714585e-01	8.097810e-03
0.2725        	1.816809e-01	1.346221e-02	3.795581e-01	3.714600e-01	8.098122e-03
0.273         	1.816813e-01	1.346217e-02	3.795595e-01	3.714611e-01	8.098399e-03
0.2735        	1.816819e-01	1.346212e-02	3.795612e-01	3.714625e-01	8.098715e-03
0.274         	1.816823e-01	1.346207e-02	3.795626e-01	3.714636e-01	8.098999e-03
0.2745        	1.816828e-01	1.346201e-02	3.795643e-01	3.714649e-01	8.099323e-03
0.275         	1.816832e-01	1.346196e-02	3.795655e-01	3.714659e-01	8.099599e-03
0.2755        	1.816835e-01	1.346191e-02	3.795668e-01	3.714669e-01	8.099878e-03
0.276         	1.816840e-01	1.346185e-02	3.795685e-01	3.714683e-01	8.100191e-03
0.2765        	1.816845e-01	1.346178e-02	3.795700e-01	3.714695e-01	8.100495e-03
0.277         	1.816847e-01	1.346176e-02	3.795708e-01	3.714701e-01	8.100669e-03
0.2775        	1.816852e-01	1.346169e-02	3.795725e-01	3.714715e-01	8.101012e-03
0.278         	1.816858e-01	1.346162e-02	3.795743e-01	3.714729e-01	8.101354e-03
0.2785        	1.816860e-01	1.346160e-02	3.795751e-01	3.714736e-01	8.101537e-03
0.279         	1.816865e-01	1.346154e-02	3.795768e-01	3.714749e-01	8.101875e-03
0.2795        	1.816871e-01	1.346147e-02	3.795785e-01	3.714763e-01	8.102200e-03
0.28          	1.816874e-01	1.346143e-02	3.795797e-01	3.714773e-01	8.102456e-03
0.2805        	1.816876e-01	1.346141e-02	3.795804e-01	3.714778e-01	8.102617e-03
0.281         	1.816881e-01	1.346135e-02	3.795821e-01	3.714792e-01	8.102946e-03
0.2815        	1.816885e-01	1.346130e-02	3.795834e-01	3.714802e-01	8.103221e-03
0.282         	1.816887e-01	1.346128e-02	3.795841e-01	3.714807e-01	8.103388e-03
0.2825        	1.816892e-01	1.346121e-02	3.795859e-01	3.714822e-01	8.103725e-03
0.283         	1.816896e-01	1.346116e-02	3.795872e-01	3.714832e-01	8.103995e-03
0.2835        	1.816898e-01	1.346114e-02	3.795879e-01	3.714838e-01	8.104154e-03
0.284         	1.816903e-01	1.346106e-02	3.795896e-01	3.714852e-01	8.104475e-03
0.2845        	1.816905e-01	1.346104e-02	3.795903e-01	3.714857e-01	8.104640e-03
0.285         	1.816910e-01	1.346098e-02	3.795919e-01	3.714869e-01	8.104954e-03
0.2855        	1.816912e-01	1.346096e-02	3.795926e-01	3.714874e-01	8.105118e-03
0.286         	1.816917e-01	1.346089e-02	3.795942e-01	3.714888e-01	8.105429e-03
0.2865        	1.816919e-01	1.346087e-02	3.795949e-01	3.714893e-01	8.105585e-03
0.287         	1.816924e-01	1.346080e-02	3.795965e-01	3.714906e-01	8.105876e-03
0.2875        	1.816925e-01	1.346078e-02	3.795971e-01	3.714911e-01	8.106029e-03
0.288         	1.816930e-01	1.346071e-02	3.795987e-01	3.714923e-01	8.106326e-03
0.2885        	1.816932e-01	1.346070e-02	3.795993e-01	3.714928e-01	8.106475e-03
0.289         	1.816935e-01	1.346064e-02	3.796005e-01	3.714938e-01	8.106735e-03
0.2895        	1.816939e-01	1.346060e-02	3.796017e-01	3.714947e-01	8.106964e-03
0.29          	1.816942e-01	1.346055e-02	3.796028e-01	3.714956e-01	8.107171e-03
0.2905        	1.816944e-01	1.346053e-02	3.796034e-01	3.714961e-01	8.107297e-03
0.291         	1.816948e-01	1.346047e-02	3.796048e-01	3.714972e-01	8.107554e-03
0.2915        	1.816950e-01	1.346045e-02	3.796054e-01	3.714977e-01	8.107693e-03
0.292         	1.816954e-01	1.346039e-02	3.796066e-01	3.714987e-01	8.107940e-03
0.2925        	1.816957e-01	1.346035e-02	3.796077e-01	3.714996e-01	8.108163e-03
0.293         	1.816959e-01	1.346033e-02	3.796083e-01	3.715000e-01	8.108292e-03
0.2935        	1.816963e-01	1.346026e-02	3.796098e-01	3.715012e-01	8.108542e-03
0.294         	1.816966e-01	1.346021e-02	3.796108e-01	3.715020e-01	8.108746e-03
0.2945        	1.816969e-01	1.346018e-02	3.796116e-01	3.715026e-01	8.108916e-03
0.295         	1.816976e-01	1.346014e-02	3.796135e-01	3.715043e-01	8.109127e-03
0.2955        	1.816979e-01	1.346011e-02	3.796144e-01	3.715051e-01	8.109309e-03
0.296         	1.816981e-01	1.346005e-02	3.796153e-01	3.715058e-01	8.109538e-03
0.2965        	1.816982e-01	1.346001e-02	3.796159e-01	3.715062e-01	8.109739e-03
0.297         	1.816984e-01	1.345998e-02	3.796166e-01	3.715066e-01	8.109940e-03
0.2975        	1.816985e-01	1.345994e-02	3.796173e-01	3.715071e-01	8.110122e-03
0.298         	1.816988e-01	1.345991e-02	3.796181e-01	3.715078e-01	8.110297e-03
0.2985        	1.816993e-01	1.345988e-02	3.796195e-01	3.715091e-01	8.110423e-03
0.299         	1.816996e-01	1.345985e-02	3.796202e-01	3.715097e-01	8.110561e-03
0.2995        	1.816998e-01	1.345980e-02	3.796212e-01	3.715105e-01	8.110775e-03
0.3           	1.817000e-01	1.345976e-02	3.796221e-01	3.715111e-01	8.110984e-03
0.3005        	1.817002e-01	1.345973e-02	3.796228e-01	3.715116e-01	8.111176e-03
0.301         	1.817004e-01	1.345971e-02	3.796235e-01	3.715122e-01	8.111349e-03
0.3015        	1.817006e-01	1.345969e-02	3.796242e-01	3.715127e-01	8.111493e-03
0.302         	1.817011e-01	1.345965e-02	3.796255e-01	3.715139e-01	8.111646e-03
0.3025        	1.817013e-01	1.345963e-02	3.796262e-01	3.715144e-01	8.111782e-03
0.303         	1.817016e-01	1.345958e-02	3.796272e-01	3.715152e-01	8.111985e-03
0.3035        	1.817018e-01	1.345954e-02	3.796280e-01	3.715158e-01	8.112174e-03
0.304         	1.817020e-01	1.345953e-02	3.796287e-01	3.715163e-01	8.112334e-03
0.3045        	1.817022e-01	1.345951e-02	3.796294e-01	3.715170e-01	8.112495e-03
0.305         	1.817024e-01	1.345950e-02	3.796300e-01	3.715174e-01	8.112618e-03
0.3055        	1.817027e-01	1.345946e-02	3.796309e-01	3.715181e-01	8.112796e-03
0.306         	1.817028e-01	1.345944e-02	3.796315e-01	3.715186e-01	8.112929e-03
0.3065        	1.817031e-01	1.345940e-02	3.796325e-01	3.715194e-01	8.113115e-03
0.307         	1.817034e-01	1.345938e-02	3.796334e-01	3.715202e-01	8.113279e-03
0.3075        	1.817037e-01	1.345937e-02	3.796342e-01	3.715208e-01	8.113423e-03
0.308         	1.817039e-01	1.345936e-02	3.796350e-01	3.715214e-01	8.113550e-03
0.3085        	1.817041e-01	1.345936e-02	3.796355e-01	3.715219e-01	8.113656e-03
0.309         	1.817042e-01	1.345930e-02	3.796362e-01	3.715223e-01	8.113876e-03
0.3095        	1.817043e-01	1.345927e-02	3.796367e-01	3.715227e-01	8.114007e-03
0.31          	1.817047e-01	1.345924e-02	3.796377e-01	3.715235e-01	8.114170e-03
0.3105        	1.817050e-01	1.345922e-02	3.796387e-01	3.715244e-01	8.114304e-03
0.311         	1.817054e-01	1.345922e-02	3.796397e-01	3.715252e-01	8.114427e-03
0.3115        	1.817057e-01	1.345922e-02	3.796404e-01	3.715259e-01	8.114538e-03
0.312         	1.817058e-01	1.345921e-02	3.796409e-01	3.715263e-01	8.114632e-03
0.3125        	1.817058e-01	1.345915e-02	3.796413e-01	3.715264e-01	8.114864e-03
0.313         	1.817059e-01	1.345912e-02	3.796417e-01	3.715267e-01	8.114996e-03
0.3135        	1.817062e-01	1.345909e-02	3.796427e-01	3.715275e-01	8.115144e-03
0.314         	1.817065e-01	1.345908e-02	3.796436e-01	3.715283e-01	8.115254e-03
0.3145        	1.817069e-01	1.345908e-02	3.796446e-01	3.715292e-01	8.115359e-03
0.315         	1.817073e-01	1.345907e-02	3.796456e-01	3.715301e-01	8.115462e-03
0.3155        	1.817072e-01	1.345902e-02	3.796458e-01	3.715301e-01	8.115688e-03
0.316         	1.817073e-01	1.345900e-02	3.796461e-01	3.715303e-01	8.115797e-03
0.3165        	1.817075e-01	1.345897e-02	3.796469e-01	3.715309e-01	8.115929e-03
0.317         	1.817079e-01	1.345896e-02	3.796478e-01	3.715318e-01	8.116032e-03
0.3175        	1.817082e-01	1.345896e-02	3.796486e-01	3.715325e-01	8.116122e-03
0.318         	1.817085e-01	1.345895e-02	3.796494e-01	3.715332e-01	8.116212e-03
0.3185        	1.817084e-01	1.345889e-02	3.796497e-01	3.715333e-01	8.116453e-03
0.319         	1.817085e-01	1.345887e-02	3.796500e-01	3.715335e-01	8.116557e-03
0.3195        	1.817088e-01	1.345885e-02	3.796509e-01	3.715342e-01	8.116681e-03
0.32          	1.817092e-01	1.345884e-02	3.796519e-01	3.715351e-01	8.116776e-03
0.3205        	1.817095e-01	1.345884e-02	3.796527e-01	3.715358e-01	8.116860e-03
0.321         	1.817097e-01	1.345883e-02	3.796533e-01	3.715364e-01	8.116943e-03
0.3215        	1.817098e-01	1.345883e-02	3.796537e-01	3.715367e-01	8.117017e-03
0.322         	1.817097e-01	1.345875e-02	3.796540e-01	3.715367e-01	8.117281e-03
0.3225        	1.817097e-01	1.345873e-02	3.796543e-01	3.715369e-01	8.117399e-03
0.323         	1.817100e-01	1.345870e-02	3.796551e-01	3.715376e-01	8.117530e-03
0.3235        	1.817104e-01	1.345869e-02	3.796561e-01	3.715384e-01	8.117619e-03
0.324         	1.817107e-01	1.345870e-02	3.796568e-01	3.715391e-01	8.117692e-03
0.3245        	1.817109e-01	1.345870e-02	3.796574e-01	3.715397e-01	8.117767e-03
0.325         	1.817108e-01	1.345864e-02	3.796576e-01	3.715397e-01	8.117974e-03
0.3255        	1.817109e-01	1.345862e-02	3.796579e-01	3.715398e-01	8.118073e-03
0.326         	1.817111e-01	1.345860e-02	3.796586e-01	3.715404e-01	8.118201e-03
0.3265        	1.817114e-01	1.345858e-02	3.796595e-01	3.715412e-01	8.118309e-03
0.327         	1.817118e-01	1.345857e-02	3.796603e-01	3.715419e-01	8.118395e-03
0.3275        	1.817119e-01	1.345857e-02	3.796606e-01	3.715422e-01	8.118454e-03
0.328         	1.817122e-01	1.345855e-02	3.796616e-01	3.715430e-01	8.118652e-03
0.3285        	1.817124e-01	1.345852e-02	3.796624e-01	3.715436e-01	8.118821e-03
0.329         	1.817125e-01	1.345849e-02	3.796628e-01	3.715439e-01	8.118932e-03
0.3295        	1.817125e-01	1.345847e-02	3.796631e-01	3.715441e-01	8.119022e-03
0.33          	1.817126e-01	1.345845e-02	3.796634e-01	3.715443e-01	8.119100e-03
0.3305        	1.817127e-01	1.345843e-02	3.796637e-01	3.715445e-01	8.119181e-03
0.331         	1.817128e-01	1.345840e-02	3.796643e-01	3.715450e-01	8.119307e-03
0.3315        	1.817129e-01	1.345840e-02	3.796646e-01	3.715452e-01	8.119390e-03
0.332         	1.817131e-01	1.345838e-02	3.796652e-01	3.715456e-01	8.119511e-03
0.3325        	1.817136e-01	1.345838e-02	3.796666e-01	3.715469e-01	8.119642e-03
0.333         	1.817139e-01	1.345837e-02	3.796673e-01	3.715475e-01	8.119775e-03
0.3335        	1.817139e-01	1.345834e-02	3.796676e-01	3.715477e-01	8.119894e-03
0.334         	1.817138e-01	1.345830e-02	3.796676e-01	3.715476e-01	8.120007e-03
0.3345        	1.817137e-01	1.345826e-02	3.796676e-01	3.715475e-01	8.120104e-03
0.335         	1.817137e-01	1.345825e-02	3.796677e-01	3.715475e-01	8.120166e-03
0.3355        	1.817135e-01	1.345819e-02	3.796677e-01	3.715474e-01	8.120358e-03
0.336         	1.817136e-01	1.345816e-02	3.796682e-01	3.715477e-01	8.120507e-03
0.3365        	1.817139e-01	1.345815e-02	3.796690e-01	3.715484e-01	8.120609e-03
0.337         	1.817143e-01	1.345816e-02	3.796699e-01	3.715492e-01	8.120683e-03
0.3375        	1.817149e-01	1.345819e-02	3.796712e-01	3.715505e-01	8.120745e-03
0.338         	1.817151e-01	1.345819e-02	3.796718e-01	3.715510e-01	8.120826e-03
0.3385        	1.817152e-01	1.345815e-02	3.796722e-01	3.715513e-01	8.120948e-03
0.339         	1.817151e-01	1.345811e-02	3.796723e-01	3.715512e-01	8.121067e-03
0.3395        	1.817150e-01	1.345807e-02	3.796723e-01	3.715511e-01	8.121170e-03
0.34          	1.817149e-01	1.345805e-02	3.796723e-01	3.715511e-01	8.121258e-03
0.3405        	1.817149e-01	1.345802e-02	3.796725e-01	3.715512e-01	8.121353e-03
0.341         	1.817152e-01	1.345800e-02	3.796735e-01	3.715520e-01	8.121542e-03
0.3415        	1.817155e-01	1.345798e-02	3.796743e-01	3.715526e-01	8.121683e-03
0.342         	1.817157e-01	1.345796e-02	3.796749e-01	3.715532e-01	8.121784e-03
0.3425        	1.817158e-01	1.345796e-02	3.796752e-01	3.715534e-01	8.121843e-03
0.343         	1.817159e-01	1.345794e-02	3.796756e-01	3.715537e-01	8.121908e-03
0.3435        	1.817160e-01	1.345793e-02	3.796759e-01	3.715539e-01	8.121968e-03
0.344         	1.817160e-01	1.345792e-02	3.796761e-01	3.715541e-01	8.122036e-03
0.3445        	1.817161e-01	1.345791e-02	3.796764e-01	3.715543e-01	8.122115e-03
0.345         	1.817162e-01	1.345789e-02	3.796768e-01	3.715546e-01	8.122210e-03
0.3455        	1.817164e-01	1.345786e-02	3.796776e-01	3.715552e-01	8.122379e-03
0.346         	1.817167e-01	1.345783e-02	3.796784e-01	3.715559e-01	8.122533e-03
0.3465        	1.817168e-01	1.345781e-02	3.796788e-01	3.715562e-01	8.122615e-03
0.347         	1.817169e-01	1.345780e-02	3.796791e-01	3.715564e-01	8.122674e-03
0.3475        	1.817169e-01	1.345779e-02	3.796793e-01	3.715566e-01	8.122723e-03
0.348         	1.817170e-01	1.345778e-02	3.796796e-01	3.715568e-01	8.122774e-03
0.3485        	1.817172e-01	1.345777e-02	3.796800e-01	3.715572e-01	8.122852e-03
0.349         	1.817172e-01	1.345776e-02	3.796803e-01	3.715574e-01	8.122914e-03
0.3495        	1.817175e-01	1.345775e-02	3.796813e-01	3.715582e-01	8.123092e-03
0.35          	1.817178e-01	1.345773e-02	3.796821e-01	3.715589e-01	8.123236e-03
0.3505        	1.817179e-01	1.345772e-02	3.796824e-01	3.715591e-01	8.123300e-03
0.351         	1.817180e-01	1.345772e-02	3.796827e-01	3.715593e-01	8.123341e-03
0.3515        	1.817181e-01	1.345771e-02	3.796829e-01	3.715595e-01	8.123377e-03
0.352         	1.817182e-01	1.345770e-02	3.796832e-01	3.715597e-01	8.123416e-03
0.3525        	1.817183e-01	1.345770e-02	3.796835e-01	3.715600e-01	8.123461e-03
0.353         	1.817185e-01	1.345769e-02	3.796840e-01	3.715604e-01	8.123533e-03
0.3535        	1.817187e-01	1.345767e-02	3.796848e-01	3.715611e-01	8.123675e-03
0.354         	1.817189e-01	1.345764e-02	3.796855e-01	3.715617e-01	8.123786e-03
0.3545        	1.817190e-01	1.345763e-02	3.796858e-01	3.715619e-01	8.123844e-03
0.355         	1.817191e-01	1.345762e-02	3.796860e-01	3.715621e-01	8.123889e-03
0.3555        	1.817192e-01	1.345761e-02	3.796862e-01	3.715623e-01	8.123929e-03
0.356         	1.817193e-01	1.345760e-02	3.796865e-01	3.715625e-01	8.123969e-03
0.3565        	1.817194e-01	1.345759e-02	3.796869e-01	3.715629e-01	8.124028e-03
0.357         	1.817199e-01	1.345761e-02	3.796879e-01	3.715639e-01	8.124078e-03
0.3575        	1.817201e-01	1.345760e-02	3.796886e-01	3.715644e-01	8.124153e-03
0.358         	1.817200e-01	1.345754e-02	3.796886e-01	3.715643e-01	8.124326e-03
0.3585        	1.817199e-01	1.345750e-02	3.796887e-01	3.715643e-01	8.124428e-03
0.359         	1.817200e-01	1.345750e-02	3.796889e-01	3.715644e-01	8.124468e-03
0.3595        	1.817201e-01	1.345749e-02	3.796892e-01	3.715648e-01	8.124490e-03
0.36          	1.817204e-01	1.345750e-02	3.796897e-01	3.715652e-01	8.124509e-03
0.3605        	1.817209e-01	1.345753e-02	3.796908e-01	3.715662e-01	8.124524e-03
0.361         	1.817211e-01	1.345754e-02	3.796914e-01	3.715668e-01	8.124579e-03
0.3615        	1.817212e-01	1.345752e-02	3.796917e-01	3.715670e-01	8.124655e-03
0.362         	1.817210e-01	1.345745e-02	3.796916e-01	3.715668e-01	8.124820e-03
0.3625        	1.817209e-01	1.345742e-02	3.796917e-01	3.715668e-01	8.124912e-03
0.363         	1.817210e-01	1.345740e-02	3.796920e-01	3.715670e-01	8.124961e-03
0.3635        	1.817212e-01	1.345741e-02	3.796924e-01	3.715674e-01	8.124981e-03
0.364         	1.817217e-01	1.345745e-02	3.796935e-01	3.715685e-01	8.124984e-03
0.3645        	1.817220e-01	1.345746e-02	3.796941e-01	3.715691e-01	8.125022e-03
0.365         	1.817221e-01	1.345745e-02	3.796944e-01	3.715693e-01	8.125080e-03
0.3655        	1.817221e-01	1.345742e-02	3.796946e-01	3.715694e-01	8.125147e-03
0.366         	1.817221e-01	1.345740e-02	3.796946e-01	3.715694e-01	8.125210e-03
0.3665        	1.817223e-01	1.345739e-02	3.796951e-01	3.715699e-01	8.125272e-03
0.367         	1.817224e-01	1.345738e-02	3.796954e-01	3.715701e-01	8.125325e-03
0.3675        	1.817225e-01	1.345737e-02	3.796957e-01	3.715704e-01	8.125390e-03
0.368         	1.817225e-01	1.345736e-02	3.796960e-01	3.715705e-01	8.125435e-03
0.3685        	1.817226e-01	1.345734e-02	3.796962e-01	3.715707e-01	8.125485e-03
0.369         	1.817230e-01	1.345735e-02	3.796970e-01	3.715715e-01	8.125538e-03
0.3695        	1.817231e-01	1.345735e-02	3.796974e-01	3.715718e-01	8.125587e-03
0.37          	1.817232e-01	1.345733e-02	3.796977e-01	3.715721e-01	8.125647e-03
0.3705        	1.817233e-01	1.345732e-02	3.796979e-01	3.715722e-01	8.125703e-03
0.371         	1.817233e-01	1.345731e-02	3.796981e-01	3.715723e-01	8.125744e-03
0.3715        	1.817233e-01	1.345730e-02	3.796982e-01	3.715724e-01	8.125772e-03
0.372         	1.817236e-01	1.345730e-02	3.796989e-01	3.715731e-01	8.125844e-03
0.3725        	1.817237e-01	1.345729e-02	3.796993e-01	3.715734e-01	8.125900e-03
0.373         	1.817239e-01	1.345728e-02	3.796997e-01	3.715737e-01	8.125967e-03
0.3735        	1.817239e-01	1.345726e-02	3.796999e-01	3.715739e-01	8.126011e-03
0.374         	1.817240e-01	1.345725e-02	3.797000e-01	3.715740e-01	8.126053e-03
0.3745        	1.817240e-01	1.345725e-02	3.797002e-01	3.715741e-01	8.126079e-03
0.375         	1.817241e-01	1.345724e-02	3.797004e-01	3.715743e-01	8.126128e-03
0.3755        	1.817242e-01	1.345723e-02	3.797007e-01	3.715745e-01	8.126180e-03
0.376         	1.817246e-01	1.345723e-02	3.797016e-01	3.715754e-01	8.126241e-03
0.3765        	1.817247e-01	1.345723e-02	3.797020e-01	3.715757e-01	8.126294e-03
0.377         	1.817248e-01	1.345722e-02	3.797022e-01	3.715759e-01	8.126339e-03
0.3775        	1.817248e-01	1.345720e-02	3.797024e-01	3.715760e-01	8.126396e-03
0.378         	1.817248e-01	1.345719e-02	3.797026e-01	3.715761e-01	8.126438e-03
0.3785        	1.817249e-01	1.345718e-02	3.797026e-01	3.715762e-01	8.126467e-03
0.379         	1.817249e-01	1.345717e-02	3.797028e-01	3.715763e-01	8.126518e-03
0.3795        	1.817252e-01	1.345717e-02	3.797035e-01	3.715770e-01	8.126576e-03
0.38          	1.817253e-01	1.345717e-02	3.797039e-01	3.715773e-01	8.126628e-03
0.3805        	1.817254e-01	1.345716e-02	3.797042e-01	3.715775e-01	8.126675e-03
0.381         	1.817255e-01	1.345714e-02	3.797045e-01	3.715777e-01	8.126731e-03
0.3815        	1.817255e-01	1.345713e-02	3.797046e-01	3.715778e-01	8.126772e-03
0.382         	1.817256e-01	1.345713e-02	3.797047e-01	3.715779e-01	8.126799e-03
0.3825        	1.817256e-01	1.345712e-02	3.797049e-01	3.715781e-01	8.126848e-03
0.383         	1.817257e-01	1.345711e-02	3.797052e-01	3.715783e-01	8.126898e-03
0.3835        	1.817260e-01	1.345711e-02	3.797059e-01	3.715789e-01	8.126946e-03
0.384         	1.817261e-01	1.345711e-02	3.797063e-01	3.715793e-01	8.126997e-03
0.3845        	1.817262e-01	1.345710e-02	3.797065e-01	3.715794e-01	8.127039e-03
0.385         	1.817262e-01	1.345708e-02	3.797067e-01	3.715796e-01	8.127092e-03
0.3855        	1.817263e-01	1.345707e-02	3.797068e-01	3.715796e-01	8.127133e-03
0.386         	1.817263e-01	1.345707e-02	3.797069e-01	3.715797e-01	8.127162e-03
0.3865        	1.817263e-01	1.345706e-02	3.797070e-01	3.715798e-01	8.127193e-03
0.387         	1.817266e-01	1.345706e-02	3.797077e-01	3.715804e-01	8.127260e-03
0.3875        	1.817267e-01	1.345705e-02	3.797081e-01	3.715807e-01	8.127320e-03
0.388         	1.817268e-01	1.345704e-02	3.797083e-01	3.715809e-01	8.127366e-03
0.3885        	1.817268e-01	1.345703e-02	3.797084e-01	3.715810e-01	8.127409e-03
0.389         	1.817268e-01	1.345702e-02	3.797086e-01	3.715811e-01	8.127450e-03
0.3895        	1.817269e-01	1.345701e-02	3.797087e-01	3.715812e-01	8.127477e-03
0.39          	1.817271e-01	1.345701e-02	3.797092e-01	3.715817e-01	8.127524e-03
0.3905        	1.817272e-01	1.345701e-02	3.797095e-01	3.715819e-01	8.127572e-03
0.391         	1.817272e-01	1.345700e-02	3.797097e-01	3.715821e-01	8.127614e-03
0.3915        	1.817273e-01	1.345699e-02	3.797098e-01	3.715822e-01	8.127660e-03
0.392         	1.817273e-01	1.345697e-02	3.797100e-01	3.715823e-01	8.127709e-03
0.3925        	1.817275e-01	1.345697e-02	3.797105e-01	3.715827e-01	8.127753e-03
0.393         	1.817276e-01	1.345697e-02	3.797107e-01	3.715830e-01	8.127795e-03
0.3935        	1.817276e-01	1.345696e-02	3.797109e-01	3.715830e-01	8.127830e-03
0.394         	1.817276e-01	1.345695e-02	3.797110e-01	3.715831e-01	8.127872e-03
0.3945        	1.817277e-01	1.345693e-02	3.797112e-01	3.715832e-01	8.127921e-03
0.395         	1.817276e-01	1.345691e-02	3.797113e-01	3.715833e-01	8.128016e-03
0.3955        	1.817277e-01	1.345690e-02	3.797115e-01	3.715834e-01	8.128064e-03
0.396         	1.817280e-01	1.345691e-02	3.797121e-01	3.715840e-01	8.128095e-03
0.3965        	1.817281e-01	1.345691e-02	3.797125e-01	3.715844e-01	8.128123e-03
0.397         	1.817282e-01	1.345691e-02	3.797127e-01	3.715845e-01	8.128153e-03
0.3975        	1.817282e-01	1.345690e-02	3.797128e-01	3.715846e-01	8.128184e-03
0.398         	1.817282e-01	1.345689e-02	3.797129e-01	3.715847e-01	8.128222e-03
0.3985        	1.817282e-01	1.345688e-02	3.797129e-01	3.715847e-01	8.128253e-03
0.399         	1.817284e-01	1.345687e-02	3.797133e-01	3.715850e-01	8.128306e-03
0.3995        	1.817284e-01	1.345687e-02	3.797136e-01	3.715852e-01	8.128356e-03
0.4           	1.817284e-01	1.345683e-02	3.797138e-01	3.715853e-01	8.128453e-03
0.4005        	1.817285e-01	1.345682e-02	3.797139e-01	3.715854e-01	8.128505e-03
0.401         	1.817285e-01	1.345681e-02	3.797141e-01	3.715856e-01	8.128537e-03
0.4015        	1.817286e-01	1.345681e-02	3.797143e-01	3.715858e-01	8.128561e-03
0.402         	1.817287e-01	1.345681e-02	3.797145e-01	3.715859e-01	8.128579e-03
0.4025        	1.817287e-01	1.345682e-02	3.797146e-01	3.715860e-01	8.128593e-03
0.403         	1.817289e-01	1.345682e-02	3.797150e-01	3.715864e-01	8.128625e-03
0.4035        	1.817290e-01	1.345682e-02	3.797154e-01	3.715867e-01	8.128675e-03
0.404         	1.817291e-01	1.345681e-02	3.797156e-01	3.715868e-01	8.128718e-03
0.4045        	1.817290e-01	1.345677e-02	3.797157e-01	3.715868e-01	8.128807e-03
0.405         	1.817290e-01	1.345675e-02	3.797157e-01	3.715869e-01	8.128859e-03
0.4055        	1.817290e-01	1.345675e-02	3.797158e-01	3.715869e-01	8.128886e-03
0.406         	1.817291e-01	1.345674e-02	3.797159e-01	3.715870e-01	8.128910e-03
0.4065        	1.817291e-01	1.345674e-02	3.797161e-01	3.715872e-01	8.128932e-03
0.407         	1.817293e-01	1.345676e-02	3.797165e-01	3.715876e-01	8.128955e-03
0.4075        	1.817294e-01	1.345676e-02	3.797169e-01	3.715879e-01	8.128991e-03
0.408         	1.817295e-01	1.345675e-02	3.797171e-01	3.715880e-01	8.129032e-03
0.4085        	1.817295e-01	1.345672e-02	3.797171e-01	3.715880e-01	8.129106e-03
0.409         	1.817294e-01	1.345670e-02	3.797172e-01	3.715880e-01	8.129152e-03
0.4095        	1.817294e-01	1.345669e-02	3.797172e-01	3.715881e-01	8.129180e-03
0.41          	1.817295e-01	1.345669e-02	3.797174e-01	3.715882e-01	8.129206e-03
0.4105        	1.817295e-01	1.345669e-02	3.797175e-01	3.715883e-01	8.129228e-03
0.411         	1.817297e-01	1.345670e-02	3.797180e-01	3.715887e-01	8.129257e-03
0.4115        	1.817298e-01	1.345670e-02	3.797182e-01	3.715889e-01	8.129292e-03
0.412         	1.817299e-01	1.345669e-02	3.797184e-01	3.715890e-01	8.129329e-03
0.4125        	1.817299e-01	1.345668e-02	3.797185e-01	3.715891e-01	8.129365e-03
0.413         	1.817298e-01	1.345665e-02	3.797185e-01	3.715891e-01	8.129422e-03
0.4135        	1.817298e-01	1.345664e-02	3.797185e-01	3.715891e-01	8.129462e-03
0.414         	1.817298e-01	1.345664e-02	3.797186e-01	3.715891e-01	8.129490e-03
0.4145        	1.817299e-01	1.345663e-02	3.797188e-01	3.715893e-01	8.129517e-03
0.415         	1.817301e-01	1.345664e-02	3.797192e-01	3.715897e-01	8.129543e-03
0.4155        	1.817302e-01	1.345664e-02	3.797195e-01	3.715899e-01	8.129575e-03
0.416         	1.817302e-01	1.345664e-02	3.797196e-01	3.715900e-01	8.129601e-03
0.4165        	1.817302e-01	1.345663e-02	3.797197e-01	3.715901e-01	8.129634e-03
0.417         	1.817302e-01	1.345662e-02	3.797197e-01	3.715901e-01	8.129666e-03
0.4175        	1.817302e-01	1.345660e-02	3.797198e-01	3.715900e-01	8.129716e-03
0.418         	1.817302e-01	1.345659e-02	3.797199e-01	3.715901e-01	8.129754e-03
0.4185        	1.817303e-01	1.345659e-02	3.797202e-01	3.715904e-01	8.129787e-03
0.419         	1.817304e-01	1.345659e-02	3.797204e-01	3.715906e-01	8.129812e-03
0.4195        	1.817305e-01	1.345659e-02	3.797207e-01	3.715908e-01	8.129838e-03
0.42          	1.817305e-01	1.345659e-02	3.797207e-01	3.715909e-01	8.129858e-03
0.4205        	1.817305e-01	1.345658e-02	3.797208e-01	3.715909e-01	8.129879e-03
0.421         	1.817305e-01	1.345658e-02	3.797209e-01	3.715910e-01	8.129896e-03
0.4215        	1.817306e-01	1.345656e-02	3.797211e-01	3.715911e-01	8.129955e-03
0.422         	1.817306e-01	1.345656e-02	3.797212e-01	3.715912e-01	8.129986e-03
0.4225        	1.817306e-01	1.345655e-02	3.797213e-01	3.715913e-01	8.130013e-03
0.423         	1.817307e-01	1.345655e-02	3.797214e-01	3.715914e-01	8.130039e-03
0.4235        	1.817307e-01	1.345654e-02	3.797216e-01	3.715915e-01	8.130064e-03
0.424         	1.817308e-01	1.345654e-02	3.797217e-01	3.715916e-01	8.130087e-03
0.4245        	1.817308e-01	1.345654e-02	3.797219e-01	3.715918e-01	8.130104e-03
0.425         	1.817309e-01	1.345653e-02	3.797220e-01	3.715919e-01	8.130128e-03
0.4255        	1.817310e-01	1.345653e-02	3.797223e-01	3.715921e-01	8.130157e-03
0.426         	1.817311e-01	1.345653e-02	3.797225e-01	3.715923e-01	8.130186e-03
0.4265        	1.817311e-01	1.345652e-02	3.797226e-01	3.715924e-01	8.130209e-03
0.427         	1.817311e-01	1.345651e-02	3.797226e-01	3.715924e-01	8.130237e-03
0.4275        	1.817311e-01	1.345650e-02	3.797227e-01	3.715924e-01	8.130280e-03
0.428         	1.817310e-01	1.345649e-02	3.797227e-01	3.715924e-01	8.130299e-03
0.4285        	1.817311e-01	1.345649e-02	3.797228e-01	3.715925e-01	8.130326e-03
0.429         	1.817312e-01	1.345649e-02	3.797231e-01	3.715928e-01	8.130352e-03
0.4295        	1.817313e-01	1.345649e-02	3.797233e-01	3.715930e-01	8.130374e-03
0.43          	1.817313e-01	1.345649e-02	3.797235e-01	3.715931e-01	8.130392e-03
0.4305        	1.817314e-01	1.345649e-02	3.797236e-01	3.715932e-01	8.130414e-03
0.431         	1.817314e-01	1.345648e-02	3.797236e-01	3.715932e-01	8.130434e-03
0.4315        	1.817314e-01	1.345648e-02	3.797237e-01	3.715932e-01	8.130449e-03
0.432         	1.817314e-01	1.345647e-02	3.797238e-01	3.715933e-01	8.130497e-03
0.4325        	1.817314e-01	1.345646e-02	3.797239e-01	3.715934e-01	8.130522e-03
0.433         	1.817315e-01	1.345646e-02	3.797240e-01	3.715935e-01	8.130544e-03
0.4335        	1.817315e-01	1.345645e-02	3.797242e-01	3.715936e-01	8.130576e-03
0.434         	1.817316e-01	1.345644e-02	3.797244e-01	3.715938e-01	8.130600e-03
0.4345        	1.817316e-01	1.345644e-02	3.797244e-01	3.715938e-01	8.130612e-03
0.435         	1.817316e-01	1.345644e-02	3.797245e-01	3.715939e-01	8.130630e-03
0.4355        	1.817317e-01	1.345644e-02	3.797246e-01	3.715940e-01	8.130642e-03
0.436         	1.817318e-01	1.345645e-02	3.797249e-01	3.715942e-01	8.130664e-03
0.4365        	1.817318e-01	1.345644e-02	3.797251e-01	3.715944e-01	8.130690e-03
0.437         	1.817319e-01	1.345644e-02	3.797251e-01	3.715944e-01	8.130711e-03
0.4375        	1.817319e-01	1.345643e-02	3.797252e-01	3.715945e-01	8.130738e-03
0.438         	1.817319e-01	1.345642e-02	3.797252e-01	3.715945e-01	8.130759e-03
0.4385        	1.817319e-01	1.345642e-02	3.797253e-01	3.715945e-01	8.130790e-03
0.439         	1.817319e-01	1.345641e-02	3.797254e-01	3.715946e-01	8.130814e-03
0.4395        	1.817319e-01	1.345641e-02	3.797255e-01	3.715946e-01	8.130834e-03
0.44          	1.817319e-01	1.345640e-02	3.797255e-01	3.715947e-01	8.130852e-03
0.4405        	1.817320e-01	1.345640e-02	3.797257e-01	3.715948e-01	8.130882e-03
0.441         	1.817320e-01	1.345639e-02	3.797258e-01	3.715949e-01	8.130898e-03
0.4415        	1.817320e-01	1.345639e-02	3.797259e-01	3.715950e-01	8.130911e-03
0.442         	1.817321e-01	1.345639e-02	3.797260e-01	3.715951e-01	8.130926e-03
0.4425        	1.817322e-01	1.345640e-02	3.797264e-01	3.715954e-01	8.130950e-03
0.443         	1.817323e-01	1.345640e-02	3.797266e-01	3.715956e-01	8.130972e-03
0.4435        	1.817323e-01	1.345639e-02	3.797266e-01	3.715956e-01	8.130990e-03
0.444         	1.817323e-01	1.345638e-02	3.797266e-01	3.715956e-01	8.131009e-03
0.4445        	1.817323e-01	1.345638e-02	3.797266e-01	3.715956e-01	8.131030e-03
0.445         	1.817323e-01	1.345637e-02	3.797266e-01	3.715956e-01	8.131042e-03
0.4455        	1.817323e-01	1.345637e-02	3.797267e-01	3.715957e-01	8.131068e-03
0.446         	1.817323e-01	1.345636e-02	3.797268e-01	3.715957e-01	8.131091e-03
0.4465        	1.817323e-01	1.345636e-02	3.797269e-01	3.715958e-01	8.131111e-03
0.447         	1.817324e-01	1.345636e-02	3.797270e-01	3.715958e-01	8.131132e-03
0.4475        	1.817324e-01	1.345635e-02	3.797270e-01	3.715959e-01	8.131143e-03
0.448         	1.817325e-01	1.345635e-02	3.797274e-01	3.715962e-01	8.131166e-03
0.4485        	1.817326e-01	1.345635e-02	3.797275e-01	3.715964e-01	8.131185e-03
0.449         	1.817326e-01	1.345635e-02	3.797276e-01	3.715964e-01	8.131198e-03
0.4495        	1.817326e-01	1.345635e-02	3.797276e-01	3.715964e-01	8.131214e-03
0.45          	1.817326e-01	1.345634e-02	3.797276e-01	3.715964e-01	8.131235e-03
0.4505        	1.817326e-01	1.345634e-02	3.797277e-01	3.715964e-01	8.131247e-03
0.451         	1.817326e-01	1.345633e-02	3.797277e-01	3.715964e-01	8.131275e-03
0.4515        	1.817326e-01	1.345633e-02	3.797278e-01	3.715965e-01	8.131300e-03
0.452         	1.817326e-01	1.345632e-02	3.797279e-01	3.715965e-01	8.131321e-03
0.4525        	1.817326e-01	1.345632e-02	3.797279e-01	3.715966e-01	8.131343e-03
0.453         	1.817327e-01	1.345631e-02	3.797281e-01	3.715967e-01	8.131364e-03
0.4535        	1.817327e-01	1.345631e-02	3.797282e-01	3.715968e-01	8.131382e-03
0.454         	1.817327e-01	1.345631e-02	3.797283e-01	3.715969e-01	8.131394e-03
0.4545        	1.817328e-01	1.345631e-02	3.797284e-01	3.715970e-01	8.131404e-03
0.455         	1.817328e-01	1.345631e-02	3.797284e-01	3.715970e-01	8.131414e-03
0.4555        	1.817330e-01	1.345631e-02	3.797288e-01	3.715974e-01	8.131432e-03
0.456         	1.817330e-01	1.345631e-02	3.797290e-01	3.715975e-01	8.131449e-03
0.4565        	1.817330e-01	1.345631e-02	3.797290e-01	3.715975e-01	8.131463e-03
0.457         	1.817330e-01	1.345630e-02	3.797290e-01	3.715975e-01	8.131480e-03
0.4575        	1.817330e-01	1.345629e-02	3.797290e-01	3.715975e-01	8.131501e-03
0.458         	1.817330e-01	1.345629e-02	3.797290e-01	3.715974e-01	8.131522e-03
0.4585        	1.817329e-01	1.345628e-02	3.797290e-01	3.715974e-01	8.131539e-03
0.459         	1.817329e-01	1.345628e-02	3.797290e-01	3.715975e-01	8.131551e-03
0.4595        	1.817330e-01	1.345628e-02	3.797291e-01	3.715975e-01	8.131566e-03
0.46          	1.817330e-01	1.345627e-02	3.797292e-01	3.715976e-01	8.131584e-03
0.4605        	1.817331e-01	1.345628e-02	3.797294e-01	3.715978e-01	8.131601e-03
0.461         	1.817332e-01	1.345628e-02	3.797296e-01	3.715980e-01	8.131615e-03
0.4615        	1.817332e-01	1.345628e-02	3.797296e-01	3.715980e-01	8.131625e-03
0.462         	1.817332e-01	1.345627e-02	3.797297e-01	3.715980e-01	8.131659e-03
0.4625        	1.817332e-01	1.345626e-02	3.797297e-01	3.715980e-01	8.131673e-03
0.463         	1.817332e-01	1.345626e-02	3.797297e-01	3.715980e-01	8.131685e-03
0.4635        	1.817332e-01	1.345626e-02	3.797298e-01	3.715981e-01	8.131697e-03
0.464         	1.817332e-01	1.345625e-02	3.797298e-01	3.715981e-01	8.131704e-03
0.4645        	1.817333e-01	1.345625e-02	3.797300e-01	3.715983e-01	8.131725e-03
0.465         	1.817333e-01	1.345625e-02	3.797301e-01	3.715984e-01	8.131740e-03
0.4655        	1.817333e-01	1.345625e-02	3.797302e-01	3.715984e-01	8.131754e-03
0.466         	1.817334e-01	1.345625e-02	3.797303e-01	3.715985e-01	8.131769e-03
0.4665        	1.817334e-01	1.345624e-02	3.797303e-01	3.715985e-01	8.131782e-03
0.467         	1.817334e-01	1.345624e-02	3.797303e-01	3.715986e-01	8.131788e-03
0.4675        	1.817334e-01	1.345624e-02	3.797304e-01	3.715986e-01	8.131803e-03
0.468         	1.817334e-01	1.345623e-02	3.797305e-01	3.715987e-01	8.131841e-03
0.4685        	1.817334e-01	1.345622e-02	3.797306e-01	3.715987e-01	8.131860e-03
0.469         	1.817334e-01	1.345622e-02	3.797306e-01	3.715987e-01	8.131871e-03
0.4695        	1.817334e-01	1.345622e-02	3.797307e-01	3.715988e-01	8.131879e-03
0.47          	1.817335e-01	1.345622e-02	3.797309e-01	3.715990e-01	8.131885e-03
0.4705        	1.817336e-01	1.345623e-02	3.797309e-01	3.715990e-01	8.131893e-03
0.471         	1.817336e-01	1.345623e-02	3.797310e-01	3.715991e-01	8.131901e-03
0.4715        	1.817336e-01	1.345622e-02	3.797310e-01	3.715991e-01	8.131915e-03
0.472         	1.817336e-01	1.345622e-02	3.797310e-01	3.715991e-01	8.131925e-03
0.4725        	1.817336e-01	1.345622e-02	3.797312e-01	3.715992e-01	8.131948e-03
0.473         	1.817336e-01	1.345621e-02	3.797312e-01	3.715992e-01	8.131963e-03
0.4735        	1.817336e-01	1.345621e-02	3.797312e-01	3.715993e-01	8.131972e-03
0.474         	1.817336e-01	1.345620e-02	3.797313e-01	3.715993e-01	8.132003e-03
0.4745        	1.817336e-01	1.345620e-02	3.797313e-01	3.715993e-01	8.132014e-03
0.475         	1.817337e-01	1.345619e-02	3.797314e-01	3.715993e-01	8.132025e-03
0.4755        	1.817337e-01	1.345619e-02	3.797315e-01	3.715994e-01	8.132033e-03
0.476         	1.817338e-01	1.345620e-02	3.797316e-01	3.715996e-01	8.132039e-03
0.4765        	1.817338e-01	1.345620e-02	3.797317e-01	3.715997e-01	8.132046e-03
0.477         	1.817338e-01	1.345620e-02	3.797317e-01	3.715997e-01	8.132055e-03
0.4775        	1.817338e-01	1.345620e-02	3.797318e-01	3.715997e-01	8.132066e-03
0.478         	1.817338e-01	1.345619e-02	3.797318e-01	3.715997e-01	8.132074e-03
0.4785        	1.817338e-01	1.345619e-02	3.797318e-01	3.715998e-01	8.132085e-03
0.479         	1.817339e-01	1.345619e-02	3.797319e-01	3.715998e-01	8.132104e-03
0.4795        	1.817339e-01	1.345618e-02	3.797320e-01	3.715998e-01	8.132117e-03
0.48          	1.817339e-01	1.345618e-02	3.797320e-01	3.715999e-01	8.132129e-03
0.4805        	1.817339e-01	1.345618e-02	3.797320e-01	3.715999e-01	8.132137e-03
0.481         	1.817339e-01	1.345618e-02	3.797321e-01	3.716000e-01	8.132148e-03
0.4815        	1.817339e-01	1.345618e-02	3.797322e-01	3.716001e-01	8.132166e-03
0.482         	1.817340e-01	1.345617e-02	3.797323e-01	3.716001e-01	8.132177e-03
0.4825        	1.817340e-01	1.345617e-02	3.797323e-01	3.716002e-01	8.132186e-03
0.483         	1.817340e-01	1.345617e-02	3.797324e-01	3.716002e-01	8.132193e-03
0.4835        	1.817340e-01	1.345617e-02	3.797324e-01	3.716002e-01	8.132200e-03
0.484         	1.817340e-01	1.345617e-02	3.797325e-01	3.716003e-01	8.132208e-03
0.4845        	1.817341e-01	1.345617e-02	3.797325e-01	3.716003e-01	8.132221e-03
0.485         	1.817341e-01	1.345616e-02	3.797326e-01	3.716004e-01	8.132233e-03
0.4855        	1.817341e-01	1.345616e-02	3.797327e-01	3.716004e-01	8.132244e-03
0.486         	1.817341e-01	1.345616e-02	3.797327e-01	3.716004e-01	8.132251e-03
0.4865        	1.817341e-01	1.345616e-02	3.797327e-01	3.716005e-01	8.132258e-03
0.487         	1.817341e-01	1.345616e-02	3.797328e-01	3.716005e-01	8.132268e-03
0.4875        	1.817341e-01	1.345615e-02	3.797329e-01	3.716006e-01	8.132284e-03
0.488         	1.817342e-01	1.345615e-02	3.797329e-01	3.716006e-01	8.132295e-03
0.4885        	1.817342e-01	1.345615e-02	3.797330e-01	3.716007e-01	8.132307e-03
0.489         	1.817342e-01	1.345615e-02	3.797330e-01	3.716007e-01	8.132313e-03
0.4895        	1.817342e-01	1.345615e-02	3.797330e-01	3.716007e-01	8.132320e-03
0.49          	1.817342e-01	1.345615e-02	3.797330e-01	3.716007e-01	8.132327e-03
0.4905        	1.817342e-01	1.345615e-02	3.797331e-01	3.716008e-01	8.132336e-03
0.491         	1.817342e-01	1.345614e-02	3.797332e-01	3.716008e-01	8.132351e-03
0.4915        	1.817343e-01	1.345614e-02	3.797333e-01	3.716009e-01	8.132363e-03
0.492         	1.817343e-01	1.345614e-02	3.797333e-01	3.716009e-01	8.132372e-03
0.4925        	1.817343e-01	1.345614e-02	3.797333e-01	3.716010e-01	8.132377e-03
0.493         	1.817343e-01	1.345614e-02	3.797333e-01	3.716010e-01	8.132382e-03
0.4935        	1.817343e-01	1.345614e-02	3.797334e-01	3.716010e-01	8.132389e-03
0.494         	1.817343e-01	1.345614e-02	3.797334e-01	3.716010e-01	8.132395e-03
0.4945        	1.817343e-01	1.345613e-02	3.797335e-01	3.716011e-01	8.132409e-03
0.495         	1.817344e-01	1.345613e-02	3.797335e-01	3.716011e-01	8.132422e-03
0.4955        	1.817344e-01	1.345613e-02	3.797336e-01	3.716011e-01	8.132428e-03
0.496         	1.817344e-01	1.345613e-02	3.797336e-01	3.716012e-01	8.132436e-03
0.4965        	1.817344e-01	1.345613e-02	3.797337e-01	3.716012e-01	8.132444e-03
0.497         	1.817344e-01	1.345612e-02	3.797338e-01	3.716013e-01	8.132458e-03
0.4975        	1.817344e-01	1.345612e-02	3.797338e-01	3.716013e-01	8.132466e-03
0.498         	1.817344e-01	1.345612e-02	3.797338e-01	3.716014e-01	8.132474e-03
0.4985        	1.817345e-01	1.345612e-02	3.797339e-01	3.716014e-01	8.132479e-03
0.499         	1.817345e-01	1.345612e-02	3.797339e-01	3.716014e-01	8.132485e-03
0.4995        	1.817345e-01	1.345612e-02	3.797339e-01	3.716014e-01	8.132492e-03
0.5           	1.817345e-01	1.345612e-02	3.797340e-01	3.716015e-01	8.132503e-03
0.5005        	1.817345e-01	1.345611e-02	3.797340e-01	3.716015e-01	8.132512e-03
0.501         	1.817345e-01	1.345611e-02	3.797341e-01	3.716015e-01	8.132522e-03
0.5015        	1.817345e-01	1.345611e-02	3.797341e-01	3.716015e-01	8.132527e-03
0.502         	1.817345e-01	1.345611e-02	3.797341e-01	3.716016e-01	8.132534e-03
0.5025        	1.817345e-01	1.345611e-02	3.797341e-01	3.716016e-01	8.132540e-03
0.503         	1.817346e-01	1.345611e-02	3.797342e-01	3.716017e-01	8.132550e-03
0.5035        	1.817346e-01	1.345611e-02	3.797343e-01	3.716017e-01	8.132561e-03
0.504         	1.817346e-01	1.345610e-02	3.797343e-01	3.716017e-01	8.132566e-03
0.5045        	1.817346e-01	1.345610e-02	3.797343e-01	3.716017e-01	8.132574e-03
0.505         	1.817346e-01	1.345610e-02	3.797344e-01	3.716018e-01	8.132586e-03
0.5055        	1.817346e-01	1.345610e-02	3.797344e-01	3.716018e-01	8.132595e-03
0.506         	1.817346e-01	1.345610e-02	3.797344e-01	3.716018e-01	8.132604e-03
0.5065        	1.817346e-01	1.345609e-02	3.797345e-01	3.716019e-01	8.132613e-03
0.507         	1.817346e-01	1.345609e-02	3.797345e-01	3.716019e-01	8.132623e-03
0.5075        	1.817347e-01	1.345609e-02	3.797346e-01	3.716019e-01	8.132629e-03
0.508         	1.817347e-01	1.345609e-02	3.797346e-01	3.716020e-01	8.132633e-03
0.5085        	1.817347e-01	1.345609e-02	3.797346e-01	3.716020e-01	8.132636e-03
0.509         	1.817347e-01	1.345609e-02	3.797347e-01	3.716020e-01	8.132641e-03
0.5095        	1.817347e-01	1.345609e-02	3.797347e-01	3.716021e-01	8.132645e-03
0.51          	1.817347e-01	1.345609e-02	3.797348e-01	3.716021e-01	8.132654e-03
0.5105        	1.817347e-01	1.345609e-02	3.797348e-01	3.716021e-01	8.132662e-03
0.511         	1.817347e-01	1.345608e-02	3.797349e-01	3.716022e-01	8.132683e-03
0.5115        	1.817347e-01	1.345608e-02	3.797349e-01	3.716022e-01	8.132689e-03
0.512         	1.817347e-01	1.345608e-02	3.797349e-01	3.716022e-01	8.132694e-03
0.5125        	1.817348e-01	1.345608e-02	3.797349e-01	3.716022e-01	8.132697e-03
0.513         	1.817348e-01	1.345608e-02	3.797349e-01	3.716022e-01	8.132700e-03
0.5135        	1.817348e-01	1.345608e-02	3.797350e-01	3.716023e-01	8.132706e-03
0.514         	1.817348e-01	1.345608e-02	3.797350e-01	3.716023e-01	8.132712e-03
0.5145        	1.817348e-01	1.345608e-02	3.797350e-01	3.716023e-01	8.132717e-03
0.515         	1.817348e-01	1.345608e-02	3.797350e-01	3.716023e-01	8.132724e-03
0.5155        	1.817348e-01	1.345607e-02	3.797351e-01	3.716024e-01	8.132736e-03
0.516         	1.817348e-01	1.345607e-02	3.797351e-01	3.716024e-01	8.132744e-03
0.5165        	1.817348e-01	1.345607e-02	3.797352e-01	3.716024e-01	8.132750e-03
0.517         	1.817349e-01	1.345607e-02	3.797352e-01	3.716025e-01	8.132758e-03
0.5175        	1.817349e-01	1.345607e-02	3.797352e-01	3.716025e-01	8.132761e-03
0.518         	1.817349e-01	1.345607e-02	3.797353e-01	3.716025e-01	8.132766e-03
0.5185        	1.817349e-01	1.345607e-02	3.797353e-01	3.716025e-01	8.132771e-03
0.519         	1.817349e-01	1.345607e-02	3.797353e-01	3.716025e-01	8.132775e-03
0.5195        	1.817349e-01	1.345607e-02	3.797354e-01	3.716026e-01	8.132781e-03
0.52          	1.817349e-01	1.345606e-02	3.797354e-01	3.716026e-01	8.132791e-03
0.5205        	1.817349e-01	1.345606e-02	3.797355e-01	3.716027e-01	8.132796e-03
0.521         	1.817349e-01	1.345606e-02	3.797355e-01	3.716027e-01	8.132808e-03
0.5215        	1.817349e-01	1.345606e-02	3.797355e-01	3.716027e-01	8.132813e-03
0.522         	1.817349e-01	1.345606e-02	3.797355e-01	3.716027e-01	8.132818e-03
0.5225        	1.817349e-01	1.345606e-02	3.797355e-01	3.716027e-01	8.132821e-03
0.523         	1.817349e-01	1.345606e-02	3.797355e-01	3.716027e-01	8.132823e-03
0.5235        	1.817350e-01	1.345606e-02	3.797356e-01	3.716027e-01	8.132829e-03
0.524         	1.817350e-01	1.345606e-02	3.797356e-01	3.716028e-01	8.132834e-03
0.5245        	1.817350e-01	1.345605e-02	3.797356e-01	3.716028e-01	8.132840e-03
0.525         	1.817350e-01	1.345605e-02	3.797356e-01	3.716028e-01	8.132844e-03
0.5255        	1.817350e-01	1.345605e-02	3.797357e-01	3.716028e-01	8.132848e-03
0.526         	1.817350e-01	1.345605e-02	3.797357e-01	3.716029e-01	8.132856e-03
0.5265        	1.817350e-01	1.345605e-02	3.797357e-01	3.716029e-01	8.132863e-03
0.527         	1.817350e-01	1.345605e-02	3.797358e-01	3.716029e-01	8.132869e-03
0.5275        	1.817350e-01	1.345605e-02	3.797358e-01	3.716030e-01	8.132875e-03
0.528         	1.817351e-01	1.345605e-02	3.797359e-01	3.716030e-01	8.132881e-03
0.5285        	1.817351e-01	1.345605e-02	3.797359e-01	3.716030e-01	8.132884e-03
0.529         	1.817351e-01	1.345605e-02	3.797359e-01	3.716030e-01	8.132886e-03
0.5295        	1.817351e-01	1.345605e-02	3.797359e-01	3.716030e-01	8.132889e-03
0.53          	1.817351e-01	1.345605e-02	3.797359e-01	3.716030e-01	8.132893e-03
0.5305        	1.817351e-01	1.345604e-02	3.797360e-01	3.716031e-01	8.132901e-03
0.531         	1.817351e-01	1.345604e-02	3.797360e-01	3.716031e-01	8.132910e-03
0.5315        	1.817351e-01	1.345604e-02	3.797360e-01	3.716031e-01	8.132915e-03
0.532         	1.817351e-01	1.345604e-02	3.797360e-01	3.716031e-01	8.132922e-03
0.5325        	1.817351e-01	1.345604e-02	3.797360e-01	3.716031e-01	8.132926e-03
0.533         	1.817351e-01	1.345604e-02	3.797360e-01	3.716031e-01	8.132927e-03
0.5335        	1.817351e-01	1.345604e-02	3.797361e-01	3.716031e-01	8.132929e-03
0.534         	1.817351e-01	1.345604e-02	3.797361e-01	3.716032e-01	8.132933e-03
0.5345        	1.817351e-01	1.345604e-02	3.797361e-01	3.716032e-01	8.132938e-03
0.535         	1.817351e-01	1.345604e-02	3.797362e-01	3.716032e-01	8.132943e-03
0.5355        	1.817351e-01	1.345603e-02	3.797362e-01	3.716032e-01	8.132950e-03
0.536         	1.817352e-01	1.345603e-02	3.797362e-01	3.716033e-01	8.132954e-03
0.5365        	1.817352e-01	1.345603e-02	3.797362e-01	3.716033e-01	8.132958e-03
0.537         	1.817352e-01	1.345603e-02	3.797363e-01	3.716033e-01	8.132961e-03
0.5375        	1.817352e-01	1.345603e-02	3.797363e-01	3.716033e-01	8.132966e-03
0.538         	1.817352e-01	1.345603e-02	3.797363e-01	3.716033e-01	8.132970e-03
0.5385        	1.817352e-01	1.345603e-02	3.797363e-01	3.716033e-01	8.132973e-03
0.539         	1.817352e-01	1.345603e-02	3.797363e-01	3.716033e-01	8.132977e-03
0.5395        	1.817352e-01	1.345603e-02	3.797363e-01	3.716034e-01	8.132980e-03
0.54          	1.817352e-01	1.345603e-02	3.797364e-01	3.716034e-01	8.132984e-03
0.5405        	1.817352e-01	1.345603e-02	3.797364e-01	3.716034e-01	8.132989e-03
0.541         	1.817352e-01	1.345603e-02	3.797364e-01	3.716034e-01	8.132994e-03
0.5415        	1.817352e-01	1.345603e-02	3.797365e-01	3.716035e-01	8.132998e-03
0.542         	1.817352e-01	1.345603e-02	3.797365e-01	3.716035e-01	8.133001e-03
0.5425        	1.817352e-01	1.345603e-02	3.797365e-01	3.716035e-01	8.133005e-03
0.543         	1.817352e-01	1.345603e-02	3.797365e-01	3.716035e-01	8.133010e-03
0.5435        	1.817352e-01	1.345602e-02	3.797365e-01	3.716035e-01	8.133013e-03
0.544         	1.817352e-01	1.345602e-02	3.797365e-01	3.716035e-01	8.133017e-03
0.5445        	1.817353e-01	1.345602e-02	3.797365e-01	3.716035e-01	8.133021e-03
0.545         	1.817353e-01	1.345602e-02	3.797366e-01	3.716035e-01	8.133024e-03
0.5455        	1.817353e-01	1.345602e-02	3.797366e-01	3.716035e-01	8.133028e-03
0.546         	1.817353e-01	1.345602e-02	3.797366e-01	3.716036e-01	8.133031e-03
0.5465        	1.817353e-01	1.345602e-02	3.797366e-01	3.716036e-01	8.133034e-03
0.547         	1.817353e-01	1.345602e-02	3.797366e-01	3.716036e-01	8.133038e-03
0.5475        	1.817353e-01	1.345602e-02	3.797367e-01	3.716037e-01	8.133044e-03
0.548         	1.817353e-01	1.345602e-02	3.797367e-01	3.716037e-01	8.133048e-03
0.5485        	1.817353e-01	1.345602e-02	3.797367e-01	3.716037e-01	8.133051e-03
0.549         	1.817353e-01	1.345602e-02	3.797368e-01	3.716037e-01	8.133053e-03
0.5495        	1.817353e-01	1.345602e-02	3.797368e-01	3.716037e-01	8.133054e-03
0.55          	1.817353e-01	1.345602e-02	3.797368e-01	3.716037e-01	8.133056e-03
0.5505        	1.817353e-01	1.345602e-02	3.797368e-01	3.716037e-01	8.133060e-03
0.551         	1.817353e-01	1.345602e-02	3.797368e-01	3.716037e-01	8.133063e-03
0.5515        	1.817353e-01	1.345601e-02	3.797368e-01	3.716037e-01	8.133067e-03
0.552         	1.817353e-01	1.345601e-02	3.797368e-01	3.716037e-01	8.133070e-03
0.5525        	1.817353e-01	1.345601e-02	3.797368e-01	3.716037e-01	8.133073e-03
0.553         	1.817353e-01	1.345601e-02	3.797368e-01	3.716038e-01	8.133077e-03
0.5535        	1.817353e-01	1.345601e-02	3.797369e-01	3.716038e-01	8.133081e-03
0.554         	1.817354e-01	1.345601e-02	3.797369e-01	3.716038e-01	8.133086e-03
0.5545        	1.817354e-01	1.345601e-02	3.797369e-01	3.716038e-01	8.133090e-03
0.555         	1.817354e-01	1.345601e-02	3.797369e-01	3.716038e-01	8.133092e-03
0.5555        	1.817354e-01	1.345601e-02	3.797369e-01	3.716038e-01	8.133094e-03
0.556         	1.817354e-01	1.345601e-02	3.797369e-01	3.716038e-01	8.133096e-03
0.5565        	1.817354e-01	1.345601e-02	3.797370e-01	3.716039e-01	8.133099e-03
0.557         	1.817354e-01	1.345601e-02	3.797370e-01	3.716039e-01	8.133102e-03
0.5575        	1.817354e-01	1.345601e-02	3.797370e-01	3.716039e-01	8.133105e-03
0.558         	1.817354e-01	1.345601e-02	3.797370e-01	3.716039e-01	8.133108e-03
0.5585        	1.817354e-01	1.345601e-02	3.797371e-01	3.716039e-01	8.133111e-03
0.559         	1.817354e-01	1.345601e-02	3.797371e-01	3.716039e-01	8.133113e-03
0.5595        	1.817354e-01	1.345601e-02	3.797371e-01	3.716040e-01	8.133116e-03
0.56          	1.817354e-01	1.345601e-02	3.797371e-01	3.716040e-01	8.133119e-03
0.5605        	1.817354e-01	1.345601e-02	3.797371e-01	3.716040e-01	8.133123e-03
0.561         	1.817354e-01	1.345600e-02	3.797371e-01	3.716040e-01	8.133127e-03
0.5615        	1.817354e-01	1.345600e-02	3.797371e-01	3.716040e-01	8.133129e-03
0.562         	1.817354e-01	1.345600e-02	3.797371e-01	3.716040e-01	8.133132e-03
0.5625        	1.817354e-01	1.345600e-02	3.797371e-01	3.716040e-01	8.133134e-03
0.563         	1.817354e-01	1.345600e-02	3.797372e-01	3.716040e-01	8.133137e-03
0.5635        	1.817354e-01	1.345600e-02	3.797372e-01	3.716040e-01	8.133141e-03
0.564         	1.817355e-01	1.345600e-02	3.797372e-01	3.716041e-01	8.133145e-03
0.5645        	1.817355e-01	1.345600e-02	3.797372e-01	3.716041e-01	8.133148e-03
0.565         	1.817355e-01	1.345600e-02	3.797372e-01	3.716041e-01	8.133149e-03
0.5655        	1.817355e-01	1.345600e-02	3.797372e-01	3.716041e-01	8.133151e-03
0.566         	1.817355e-01	1.345600e-02	3.797373e-01	3.716041e-01	8.133153e-03
0.5665        	1.817355e-01	1.345600e-02	3.797373e-01	3.716041e-01	8.133155e-03
0.567         	1.817355e-01	1.345600e-02	3.797373e-01	3.716041e-01	8.133158e-03
0.5675        	1.817355e-01	1.345600e-02	3.797373e-01	3.716041e-01	8.133160e-03
0.568         	1.817355e-01	1.345600e-02	3.797373e-01	3.716041e-01	8.133162e-03
0.5685        	1.817355e-01	1.345600e-02	3.797373e-01	3.716042e-01	8.133165e-03
0.569         	1.817355e-01	1.345600e-02	3.797373e-01	3.716042e-01	8.133168e-03
0.5695        	1.817355e-01	1.345600e-02	3.797374e-01	3.716042e-01	8.133172e-03
0.57          	1.817355e-01	1.345600e-02	3.797374e-01	3.716042e-01	8.133175e-03
0.5705        	1.817355e-01	1.345600e-02	3.797374e-01	3.716042e-01	8.133178e-03
0.571         	1.817355e-01	1.345600e-02	3.797374e-01	3.716042e-01	8.133180e-03
0.5715        	1.817355e-01	1.345599e-02	3.797374e-01	3.716042e-01	8.133182e-03
0.572         	1.817355e-01	1.345599e-02	3.797374e-01	3.716042e-01	8.133184e-03
0.5725        	1.817355e-01	1.345599e-02	3.797374e-01	3.716042e-01	8.133186e-03
0.573         	1.817355e-01	1.345599e-02	3.797374e-01	3.716042e-01	8.133189e-03
0.5735        	1.817355e-01	1.345599e-02	3.797375e-01	3.716043e-01	8.133192e-03
0.574         	1.817355e-01	1.345599e-02	3.797375e-01	3.716043e-01	8.133194e-03
0.5745        	1.817355e-01	1.345599e-02	3.797375e-01	3.716043e-01	8.133196e-03
0.575         	1.817355e-01	1.345599e-02	3.797375e-01	3.716043e-01	8.133198e-03
0.5755        	1.817355e-01	1.345599e-02	3.797375e-01	3.716043e-01	8.133200e-03
0.576         	1.817356e-01	1.345599e-02	3.797375e-01	3.716043e-01	8.133202e-03
0.5765        	1.817356e-01	1.345599e-02	3.797375e-01	3.716043e-01	8.133205e-03
0.577         	1.817356e-01	1.345599e-02	3.797375e-01	3.716043e-01	8.133207e-03
0.5775        	1.817356e-01	1.345599e-02	3.797376e-01	3.716043e-01	8.133209e-03
0.578         	1.817356e-01	1.345599e-02	3.797376e-01	3.716043e-01	8.133211e-03
0.5785        	1.817356e-01	1.345599e-02	3.797376e-01	3.716044e-01	8.133215e-03
0.579         	1.817356e-01	1.345599e-02	3.797376e-01	3.716044e-01	8.133218e-03
0.5795        	1.817356e-01	1.345599e-02	3.797376e-01	3.716044e-01	8.133220e-03
0.58          	1.817356e-01	1.345599e-02	3.797376e-01	3.716044e-01	8.133223e-03
0.5805        	1.817356e-01	1.345599e-02	3.797376e-01	3.716044e-01	8.133225e-03
0.581         	1.817356e-01	1.345599e-02	3.797376e-01	3.716044e-01	8.133228e-03
0.5815        	1.817356e-01	1.345599e-02	3.797376e-01	3.716044e-01	8.133229e-03
0.582         	1.817356e-01	1.345599e-02	3.797376e-01	3.716044e-01	8.133231e-03
0.5825        	1.817356e-01	1.345599e-02	3.797377e-01	3.716044e-01	8.133232e-03
0.583         	1.817356e-01	1.345599e-02	3.797377e-01	3.716044e-01	8.133234e-03
0.5835        	1.817356e-01	1.345599e-02	3.797377e-01	3.716045e-01	8.133235e-03
0.584         	1.817356e-01	1.345599e-02	3.797377e-01	3.716045e-01	8.133238e-03
0.5845        	1.817356e-01	1.345599e-02	3.797377e-01	3.716045e-01	8.133240e-03
0.585         	1.817356e-01	1.345598e-02	3.797377e-01	3.716045e-01	8.133241e-03
0.5855        	1.817356e-01	1.345598e-02	3.797377e-01	3.716045e-01	8.133243e-03
0.586         	1.817356e-01	1.345598e-02	3.797377e-01	3.716045e-01	8.133244e-03
0.5865        	1.817356e-01	1.345598e-02	3.797378e-01	3.716045e-01	8.133247e-03
0.587         	1.817356e-01	1.345598e-02	3.797378e-01	3.716045e-01	8.133249e-03
0.5875        	1.817356e-01	1.345598e-02	3.797378e-01	3.716045e-01	8.133251e-03
0.588         	1.817356e-01	1.345598e-02	3.797378e-01	3.716045e-01	8.133252e-03
0.5885        	1.817356e-01	1.345598e-02	3.797378e-01	3.716045e-01	8.133255e-03
0.589         	1.817356e-01	1.345598e-02	3.797378e-01	3.716045e-01	8.133258e-03
0.5895        	1.817356e-01	1.345598e-02	3.797378e-01	3.716045e-01	8.133260e-03
0.59          	1.817356e-01	1.345598e-02	3.797378e-01	3.716045e-01	8.133262e-03
0.5905        	1.817356e-01	1.345598e-02	3.797378e-01	3.716046e-01	8.133264e-03
0.591         	1.817356e-01	1.345598e-02	3.797378e-01	3.716046e-01	8.133265e-03
0.5915        	1.817357e-01	1.345598e-02	3.797378e-01	3.716046e-01	8.133266e-03
0.592         	1.817357e-01	1.345598e-02	3.797378e-01	3.716046e-01	8.133267e-03
0.5925        	1.817357e-01	1.345598e-02	3.797379e-01	3.716046e-01	8.133269e-03
0.593         	1.817357e-01	1.345598e-02	3.797379e-01	3.716046e-01	8.133270e-03
0.5935        	1.817357e-01	1.345598e-02	3.797379e-01	3.716046e-01	8.133272e-03
0.594         	1.817357e-01	1.345598e-02	3.797379e-01	3.716046e-01	8.133273e-03
0.5945        	1.817357e-01	1.345598e-02	3.797379e-01	3.716046e-01	8.133275e-03
0.595         	1.817357e-01	1.345598e-02	3.797379e-01	3.716046e-01	8.133276e-03
0.5955        	1.817357e-01	1.345598e-02	3.797379e-01	3.716046e-01	8.133279e-03
0.596         	1.817357e-01	1.345598e-02	3.797379e-01	3.716047e-01	8.133281e-03
0.5965        	1.817357e-01	1.345598e-02	3.797379e-01	3.716047e-01	8.133283e-03
0.597         	1.817357e-01	1.345598e-02	3.797380e-01	3.716047e-01	8.133284e-03
0.5975        	1.817357e-01	1.345598e-02	3.797380e-01	3.716047e-01	8.133286e-03
0.598         	1.817357e-01	1.345598e-02	3.797380e-01	3.716047e-01	8.133288e-03
0.5985        	1.817357e-01	1.345598e-02	3.797380e-01	3.716047e-01	8.133289e-03
0.599         	1.817357e-01	1.345598e-02	3.797380e-01	3.716047e-01	8.133291e-03
0.5995        	1.817357e-01	1.345598e-02	3.797380e-01	3.716047e-01	8.133293e-03
0.6           	1.817357e-01	1.345598e-02	3.797380e-01	3.716047e-01	8.133295e-03
